0	694.0
1	768.0
2	806.0
3	778.0
4	789.0
5	824.0
6	801.0
7	845.0
8	769.0
9	813.0
10	782.0
11	797.0
12	804.0
13	795.0
14	806.0
15	795.0
16	821.0
17	786.0
18	821.0
19	760.0
20	822.0
21	793.0
22	795.0
23	821.0
24	770.0
25	832.0
26	790.0
27	796.0
28	793.0
29	794.0
30	797.0
31	794.0
32	828.0
33	774.0
34	794.0
35	822.0
36	791.0
37	833.0
38	802.0
39	780.0
40	796.0
41	793.0
42	808.0
43	793.0
44	824.0
45	764.0
46	829.0
47	787.0
48	797.0
49	799.0
50	804.0
51	789.0
52	806.0
53	816.0
54	786.0
55	806.0
56	810.0
57	799.0
58	768.0
59	818.0
60	805.0
61	771.0
62	817.0
63	826.0
64	796.0
65	789.0
66	778.0
67	806.0
68	799.0
69	806.0
70	808.0
71	784.0
72	820.0
73	782.0
74	826.0
75	789.0
76	808.0
77	786.0
78	814.0
79	798.0
80	817.0
81	770.0
82	809.0
83	797.0
84	808.0
85	770.0
86	825.0
87	799.0
88	782.0
89	843.0
90	783.0
91	778.0
92	770.0
93	841.0
94	796.0
95	818.0
96	804.0
97	788.0
98	786.0
99	788.0
100	802.0
101	804.0
102	830.0
103	782.0
104	814.0
105	807.0
106	787.0
107	798.0
108	822.0
109	815.0
110	775.0
111	781.0
112	810.0
113	815.0
114	773.0
115	805.0
116	801.0
117	783.0
118	800.0
119	816.0
120	788.0
121	809.0
122	787.0
123	827.0
124	817.0
125	790.0
126	802.0
127	795.0
128	784.0
129	818.0
130	798.0
131	806.0
132	736.0
133	824.0
134	816.0
135	818.0
136	784.0
137	802.0
138	798.0
139	826.0
140	779.0
141	777.0
142	799.0
143	824.0
144	789.0
145	800.0
146	812.0
147	776.0
148	815.0
149	813.0
150	789.0
151	804.0
152	808.0
153	805.0
154	796.0
155	798.0
156	766.0
157	841.0
158	789.0
159	781.0
160	806.0
161	808.0
162	820.0
163	794.0
164	768.0
165	821.0
166	810.0
167	783.0
168	805.0
169	785.0
170	806.0
171	812.0
172	794.0
173	809.0
174	812.0
175	765.0
176	796.0
177	790.0
178	794.0
179	829.0
180	803.0
181	808.0
182	777.0
183	803.0
184	819.0
185	791.0
186	819.0
187	807.0
188	783.0
189	802.0
190	811.0
191	782.0
192	818.0
193	775.0
194	815.0
195	788.0
196	826.0
197	762.0
198	819.0
199	805.0
200	789.0
201	791.0
202	825.0
203	781.0
204	803.0
205	816.0
206	788.0
207	807.0
208	806.0
209	791.0
210	814.0
211	801.0
212	771.0
213	799.0
214	798.0
215	844.0
216	759.0
217	817.0
218	794.0
219	795.0
220	792.0
221	813.0
222	783.0
223	839.0
224	794.0
225	784.0
226	806.0
227	804.0
228	764.0
229	819.0
230	789.0
231	828.0
232	790.0
233	795.0
234	817.0
235	771.0
236	812.0
237	807.0
238	789.0
239	833.0
240	783.0
241	790.0
242	816.0
243	788.0
244	797.0
245	807.0
246	806.0
247	794.0
248	809.0
249	792.0
250	816.0
251	766.0
252	810.0
253	815.0
254	796.0
255	782.0
256	811.0
257	774.0
258	814.0
259	793.0
260	820.0
261	798.0
262	787.0
263	803.0
264	807.0
265	810.0
266	813.0
267	794.0
268	787.0
269	800.0
270	779.0
271	843.0
272	784.0
273	778.0
274	807.0
275	786.0
276	834.0
277	787.0
278	785.0
279	814.0
280	799.0
281	825.0
282	796.0
283	808.0
284	769.0
285	795.0
286	814.0
287	789.0
288	802.0
289	801.0
290	821.0
291	752.0
292	856.0
293	749.0
294	814.0
295	811.0
296	811.0
297	789.0
298	801.0
299	821.0
300	773.0
301	797.0
302	806.0
303	801.0
304	798.0
305	803.0
306	797.0
307	799.0
308	804.0
309	803.0
310	803.0
311	812.0
312	798.0
313	794.0
314	784.0
315	811.0
316	791.0
317	808.0
318	796.0
319	815.0
320	785.0
321	797.0
322	794.0
323	814.0
324	812.0
325	782.0
326	815.0
327	783.0
328	788.0
329	813.0
330	819.0
331	781.0
332	785.0
333	833.0
334	796.0
335	786.0
336	815.0
337	783.0
338	829.0
339	786.0
340	792.0
341	804.0
342	801.0
343	796.0
344	804.0
345	799.0
346	809.0
347	771.0
348	807.0
349	822.0
350	785.0
351	782.0
352	816.0
353	801.0
354	785.0
355	813.0
356	803.0
357	829.0
358	793.0
359	771.0
360	798.0
361	788.0
362	802.0
363	809.0
364	812.0
365	803.0
366	790.0
367	796.0
368	801.0
369	812.0
370	788.0
371	796.0
372	825.0
373	779.0
374	810.0
375	803.0
376	792.0
377	785.0
378	840.0
379	772.0
380	805.0
381	791.0
382	837.0
383	798.0
384	778.0
385	809.0
386	784.0
387	793.0
388	799.0
389	798.0
390	794.0
391	809.0
392	827.0
393	798.0
394	773.0
395	835.0
396	796.0
397	787.0
398	806.0
399	792.0
400	801.0
401	803.0
402	790.0
403	804.0
404	804.0
405	793.0
406	792.0
407	790.0
408	824.0
409	797.0
410	777.0
411	820.0
412	789.0
413	803.0
414	812.0
415	796.0
416	775.0
417	816.0
418	803.0
419	818.0
420	785.0
421	793.0
422	802.0
423	789.0
424	829.0
425	779.0
426	795.0
427	811.0
428	816.0
429	795.0
430	783.0
431	815.0
432	804.0
433	775.0
434	832.0
435	757.0
436	807.0
437	801.0
438	832.0
439	781.0
440	814.0
441	777.0
442	796.0
443	810.0
444	821.0
445	792.0
446	800.0
447	790.0
448	824.0
449	808.0
450	795.0
451	782.0
452	794.0
453	796.0
454	818.0
455	770.0
456	802.0
457	809.0
458	831.0
459	782.0
460	787.0
461	800.0
462	812.0
463	790.0
464	821.0
465	796.0
466	788.0
467	809.0
468	772.0
469	815.0
470	825.0
471	791.0
472	795.0
473	797.0
474	804.0
475	789.0
476	787.0
477	818.0
478	812.0
479	777.0
480	801.0
481	795.0
482	810.0
483	792.0
484	804.0
485	818.0
486	781.0
487	825.0
488	786.0
489	786.0
490	805.0
491	822.0
492	774.0
493	821.0
494	792.0
495	817.0
496	788.0
497	798.0
498	792.0
499	800.0
500	805.0
501	811.0
502	793.0
503	792.0
504	806.0
505	787.0
506	812.0
507	796.0
508	810.0
509	802.0
510	798.0
511	776.0
512	807.0
513	806.0
514	806.0
515	779.0
516	838.0
517	764.0
518	828.0
519	785.0
520	812.0
521	790.0
522	815.0
523	788.0
524	801.0
525	814.0
526	774.0
527	805.0
528	792.0
529	807.0
530	804.0
531	798.0
532	800.0
533	808.0
534	814.0
535	782.0
536	775.0
537	815.0
538	804.0
539	795.0
540	815.0
541	811.0
542	793.0
543	786.0
544	795.0
545	817.0
546	773.0
547	827.0
548	784.0
549	798.0
550	802.0
551	789.0
552	803.0
553	830.0
554	803.0
555	797.0
556	782.0
557	826.0
558	792.0
559	802.0
560	782.0
561	790.0
562	803.0
563	814.0
564	806.0
565	822.0
566	767.0
567	806.0
568	793.0
569	811.0
570	789.0
571	779.0
572	818.0
573	810.0
574	798.0
575	795.0
576	815.0
577	798.0
578	797.0
579	805.0
580	794.0
581	799.0
582	785.0
583	782.0
584	836.0
585	785.0
586	818.0
587	782.0
588	818.0
589	797.0
590	783.0
591	819.0
592	793.0
593	807.0
594	798.0
595	794.0
596	814.0
597	769.0
598	826.0
599	773.0
600	795.0
601	824.0
602	822.0
603	791.0
604	777.0
605	789.0
606	832.0
607	781.0
608	815.0
609	791.0
610	788.0
611	817.0
612	766.0
613	821.0
614	818.0
615	812.0
616	768.0
617	814.0
618	785.0
619	826.0
620	781.0
621	824.0
622	788.0
623	813.0
624	774.0
625	793.0
626	815.0
627	809.0
628	802.0
629	768.0
630	806.0
631	800.0
632	807.0
633	802.0
634	811.0
635	791.0
636	808.0
637	807.0
638	787.0
639	786.0
640	822.0
641	767.0
642	799.0
643	811.0
644	796.0
645	786.0
646	795.0
647	830.0
648	794.0
649	823.0
650	770.0
651	804.0
652	815.0
653	806.0
654	798.0
655	813.0
656	779.0
657	791.0
658	816.0
659	813.0
660	775.0
661	812.0
662	807.0
663	795.0
664	795.0
665	790.0
666	810.0
667	815.0
668	795.0
669	809.0
670	779.0
671	800.0
672	788.0
673	779.0
674	827.0
675	792.0
676	822.0
677	809.0
678	789.0
679	806.0
680	764.0
681	836.0
682	808.0
683	770.0
684	809.0
685	809.0
686	810.0
687	784.0
688	806.0
689	797.0
690	792.0
691	788.0
692	795.0
693	816.0
694	821.0
695	789.0
696	803.0
697	776.0
698	807.0
699	801.0
700	805.0
701	794.0
702	801.0
703	804.0
704	794.0
705	804.0
706	792.0
707	795.0
708	811.0
709	795.0
710	807.0
711	816.0
712	790.0
713	804.0
714	787.0
715	807.0
716	761.0
717	829.0
718	804.0
719	822.0
720	795.0
721	781.0
722	822.0
723	797.0
724	793.0
725	790.0
726	827.0
727	775.0
728	794.0
729	806.0
730	804.0
731	806.0
732	791.0
733	823.0
734	779.0
735	825.0
736	784.0
737	797.0
738	796.0
739	794.0
740	810.0
741	786.0
742	813.0
743	803.0
744	819.0
745	787.0
746	789.0
747	801.0
748	797.0
749	797.0
750	810.0
751	777.0
752	834.0
753	792.0
754	796.0
755	818.0
756	798.0
757	786.0
758	803.0
759	777.0
760	827.0
761	784.0
762	824.0
763	773.0
764	804.0
765	809.0
766	809.0
767	794.0
768	803.0
769	791.0
770	827.0
771	761.0
772	820.0
773	796.0
774	795.0
775	804.0
776	778.0
777	806.0
778	785.0
779	806.0
780	810.0
781	826.0
782	780.0
783	796.0
784	767.0
785	822.0
786	801.0
787	833.0
788	805.0
789	793.0
790	799.0
791	787.0
792	782.0
793	798.0
794	801.0
795	805.0
796	783.0
797	833.0
798	792.0
799	793.0
800	815.0
801	794.0
802	798.0
803	809.0
804	795.0
805	803.0
806	804.0
807	812.0
808	771.0
809	822.0
810	801.0
811	803.0
812	791.0
813	789.0
814	798.0
815	805.0
816	792.0
817	809.0
818	795.0
819	801.0
820	824.0
821	782.0
822	835.0
823	754.0
824	820.0
825	809.0
826	779.0
827	783.0
828	826.0
829	803.0
830	791.0
831	800.0
832	798.0
833	792.0
834	814.0
835	800.0
836	789.0
837	788.0
838	827.0
839	807.0
840	758.0
841	830.0
842	825.0
843	770.0
844	805.0
845	803.0
846	796.0
847	797.0
848	822.0
849	788.0
850	775.0
851	822.0
852	795.0
853	801.0
854	803.0
855	793.0
856	786.0
857	833.0
858	799.0
859	776.0
860	802.0
861	815.0
862	802.0
863	776.0
864	838.0
865	748.0
866	818.0
867	812.0
868	799.0
869	782.0
870	807.0
871	807.0
872	819.0
873	777.0
874	792.0
875	798.0
876	779.0
877	831.0
878	818.0
879	804.0
880	788.0
881	788.0
882	811.0
883	781.0
884	813.0
885	776.0
886	827.0
887	792.0
888	801.0
889	821.0
890	811.0
891	759.0
892	822.0
893	781.0
894	795.0
895	817.0
896	804.0
897	809.0
898	787.0
899	814.0
900	774.0
901	801.0
902	809.0
903	817.0
904	794.0
905	790.0
906	800.0
907	809.0
908	796.0
909	774.0
910	834.0
911	791.0
912	792.0
913	800.0
914	811.0
915	781.0
916	824.0
917	798.0
918	804.0
919	792.0
920	798.0
921	792.0
922	793.0
923	820.0
924	798.0
925	797.0
926	808.0
927	809.0
928	800.0
929	769.0
930	834.0
931	777.0
932	785.0
933	817.0
934	795.0
935	774.0
936	817.0
937	821.0
938	767.0
939	825.0
940	820.0
941	773.0
942	823.0
943	778.0
944	810.0
945	792.0
946	810.0
947	785.0
948	821.0
949	782.0
950	809.0
951	809.0
952	810.0
953	793.0
954	785.0
955	786.0
956	790.0
957	808.0
958	828.0
959	773.0
960	819.0
961	802.0
962	781.0
963	818.0
964	814.0
965	789.0
966	810.0
967	773.0
968	802.0
969	804.0
970	784.0
971	820.0
972	787.0
973	798.0
974	823.0
975	800.0
976	796.0
977	818.0
978	776.0
979	800.0
980	820.0
981	788.0
982	788.0
983	795.0
984	807.0
985	784.0
986	806.0
987	799.0
988	795.0
989	810.0
990	806.0
991	821.0
992	784.0
993	805.0
994	802.0
995	780.0
996	814.0
997	798.0
998	810.0
999	789.0
1000	789.0
1001	818.0
1002	779.0
1003	800.0
1004	843.0
1005	792.0
1006	802.0
1007	783.0
1008	796.0
1009	803.0
1010	792.0
1011	810.0
1012	814.0
1013	774.0
1014	798.0
1015	817.0
1016	791.0
1017	796.0
1018	798.0
1019	813.0
1020	801.0
1021	798.0
1022	779.0
1023	826.0
1024	784.0
1025	817.0
1026	811.0
1027	796.0
1028	788.0
1029	807.0
1030	783.0
1031	810.0
1032	807.0
1033	792.0
1034	807.0
1035	775.0
1036	811.0
1037	804.0
1038	806.0
1039	784.0
1040	838.0
1041	755.0
1042	792.0
1043	803.0
1044	828.0
1045	783.0
1046	814.0
1047	758.0
1048	833.0
1049	806.0
1050	820.0
1051	803.0
1052	781.0
1053	782.0
1054	820.0
1055	783.0
1056	794.0
1057	819.0
1058	798.0
1059	805.0
1060	769.0
1061	804.0
1062	794.0
1063	809.0
1064	816.0
1065	809.0
1066	807.0
1067	801.0
1068	815.0
1069	779.0
1070	785.0
1071	812.0
1072	779.0
1073	815.0
1074	801.0
1075	810.0
1076	780.0
1077	812.0
1078	787.0
1079	801.0
1080	779.0
1081	825.0
1082	794.0
1083	829.0
1084	785.0
1085	802.0
1086	794.0
1087	798.0
1088	793.0
1089	803.0
1090	793.0
1091	814.0
1092	802.0
1093	790.0
1094	810.0
1095	783.0
1096	840.0
1097	800.0
1098	756.0
1099	809.0
1100	819.0
1101	778.0
1102	792.0
1103	797.0
1104	797.0
1105	815.0
1106	807.0
1107	785.0
1108	791.0
1109	824.0
1110	776.0
1111	814.0
1112	812.0
1113	793.0
1114	786.0
1115	829.0
1116	786.0
1117	805.0
1118	804.0
1119	792.0
1120	810.0
1121	802.0
1122	784.0
1123	789.0
1124	837.0
1125	815.0
1126	759.0
1127	820.0
1128	772.0
1129	815.0
1130	794.0
1131	808.0
1132	809.0
1133	809.0
1134	772.0
1135	816.0
1136	799.0
1137	806.0
1138	802.0
1139	786.0
1140	808.0
1141	788.0
1142	783.0
1143	815.0
1144	789.0
1145	821.0
1146	803.0
1147	800.0
1148	801.0
1149	795.0
1150	773.0
1151	811.0
1152	829.0
1153	793.0
1154	787.0
1155	813.0
1156	782.0
1157	792.0
1158	816.0
1159	818.0
1160	779.0
1161	790.0
1162	813.0
1163	794.0
1164	789.0
1165	817.0
1166	780.0
1167	812.0
1168	787.0
1169	789.0
1170	823.0
1171	796.0
1172	823.0
1173	781.0
1174	809.0
1175	805.0
1176	779.0
1177	811.0
1178	819.0
1179	781.0
1180	793.0
1181	807.0
1182	796.0
1183	798.0
1184	794.0
1185	822.0
1186	799.0
1187	779.0
1188	809.0
1189	801.0
1190	799.0
1191	802.0
1192	826.0
1193	788.0
1194	789.0
1195	803.0
1196	803.0
1197	786.0
1198	821.0
1199	795.0
1200	814.0
1201	782.0
1202	808.0
1203	791.0
1204	804.0
1205	797.0
1206	808.0
1207	819.0
1208	765.0
1209	819.0
1210	790.0
1211	824.0
1212	759.0
1213	802.0
1214	805.0
1215	826.0
1216	793.0
1217	790.0
1218	814.0
1219	788.0
1220	810.0
1221	786.0
1222	813.0
1223	783.0
1224	785.0
1225	805.0
1226	810.0
1227	796.0
1228	798.0
1229	803.0
1230	828.0
1231	767.0
1232	817.0
1233	799.0
1234	828.0
1235	778.0
1236	800.0
1237	794.0
1238	816.0
1239	799.0
1240	766.0
1241	826.0
1242	813.0
1243	802.0
1244	784.0
1245	797.0
1246	796.0
1247	821.0
1248	766.0
1249	825.0
1250	790.0
1251	776.0
1252	816.0
1253	826.0
1254	783.0
1255	820.0
1256	752.0
1257	830.0
1258	814.0
1259	769.0
1260	776.0
1261	832.0
1262	807.0
1263	799.0
1264	797.0
1265	818.0
1266	777.0
1267	785.0
1268	807.0
1269	815.0
1270	804.0
1271	792.0
1272	805.0
1273	787.0
1274	814.0
1275	793.0
1276	820.0
1277	774.0
1278	791.0
1279	821.0
1280	779.0
1281	798.0
1282	813.0
1283	802.0
1284	810.0
1285	778.0
1286	820.0
1287	818.0
1288	770.0
1289	805.0
1290	785.0
1291	817.0
1292	786.0
1293	795.0
1294	840.0
1295	786.0
1296	799.0
1297	795.0
1298	799.0
1299	815.0
1300	781.0
1301	818.0
1302	782.0
1303	808.0
1304	760.0
1305	851.0
1306	800.0
1307	792.0
1308	796.0
1309	820.0
1310	793.0
1311	786.0
1312	793.0
1313	801.0
1314	804.0
1315	800.0
1316	839.0
1317	766.0
1318	799.0
1319	798.0
1320	774.0
1321	804.0
1322	826.0
1323	801.0
1324	817.0
1325	792.0
1326	793.0
1327	798.0
1328	805.0
1329	762.0
1330	817.0
1331	800.0
1332	796.0
1333	801.0
1334	810.0
1335	774.0
1336	820.0
1337	808.0
1338	806.0
1339	796.0
1340	789.0
1341	790.0
1342	806.0
1343	809.0
1344	786.0
1345	812.0
1346	814.0
1347	803.0
1348	784.0
1349	792.0
1350	816.0
1351	797.0
1352	798.0
1353	813.0
1354	808.0
1355	780.0
1356	784.0
1357	807.0
1358	808.0
1359	800.0
1360	786.0
1361	823.0
1362	794.0
1363	804.0
1364	801.0
1365	823.0
1366	802.0
1367	767.0
1368	790.0
1369	802.0
1370	825.0
1371	799.0
1372	774.0
1373	819.0
1374	797.0
1375	798.0
1376	822.0
1377	778.0
1378	789.0
1379	815.0
1380	792.0
1381	820.0
1382	794.0
1383	797.0
1384	791.0
1385	801.0
1386	807.0
1387	786.0
1388	807.0
1389	810.0
1390	787.0
1391	832.0
1392	778.0
1393	804.0
1394	803.0
1395	800.0
1396	796.0
1397	793.0
1398	809.0
1399	776.0
1400	813.0
1401	803.0
1402	828.0
1403	753.0
1404	806.0
1405	799.0
1406	795.0
1407	818.0
1408	798.0
1409	791.0
1410	815.0
1411	799.0
1412	828.0
1413	766.0
1414	797.0
1415	801.0
1416	783.0
1417	833.0
1418	774.0
1419	804.0
1420	827.0
1421	790.0
1422	800.0
1423	784.0
1424	822.0
1425	768.0
1426	849.0
1427	786.0
1428	767.0
1429	817.0
1430	796.0
1431	817.0
1432	769.0
1433	796.0
1434	827.0
1435	788.0
1436	808.0
1437	812.0
1438	770.0
1439	840.0
1440	783.0
1441	788.0
1442	803.0
1443	780.0
1444	820.0
1445	798.0
1446	809.0
1447	780.0
1448	828.0
1449	776.0
1450	817.0
1451	798.0
1452	807.0
1453	783.0
1454	783.0
1455	811.0
1456	829.0
1457	779.0
1458	798.0
1459	810.0
1460	793.0
1461	763.0
1462	829.0
1463	812.0
1464	811.0
1465	801.0
1466	790.0
1467	806.0
1468	801.0
1469	777.0
1470	797.0
1471	803.0
1472	839.0
1473	789.0
1474	781.0
1475	817.0
1476	806.0
1477	781.0
1478	821.0
1479	765.0
1480	794.0
1481	814.0
1482	806.0
1483	801.0
1484	796.0
1485	811.0
1486	805.0
1487	795.0
1488	783.0
1489	805.0
1490	806.0
1491	782.0
1492	798.0
1493	807.0
1494	817.0
1495	795.0
1496	786.0
1497	828.0
1498	778.0
1499	793.0
1500	810.0
1501	787.0
1502	798.0
1503	815.0
1504	821.0
1505	793.0
1506	805.0
1507	803.0
1508	783.0
1509	817.0
1510	791.0
1511	782.0
1512	807.0
1513	815.0
1514	784.0
1515	799.0
1516	796.0
1517	784.0
1518	819.0
1519	809.0
1520	783.0
1521	806.0
1522	799.0
1523	817.0
1524	796.0
1525	800.0
1526	793.0
1527	819.0
1528	797.0
1529	792.0
1530	794.0
1531	787.0
1532	810.0
1533	786.0
1534	799.0
1535	825.0
1536	795.0
1537	788.0
1538	834.0
1539	780.0
1540	801.0
1541	781.0
1542	805.0
1543	808.0
1544	782.0
1545	837.0
1546	787.0
1547	795.0
1548	798.0
1549	815.0
1550	789.0
1551	802.0
1552	785.0
1553	778.0
1554	803.0
1555	825.0
1556	825.0
1557	769.0
1558	823.0
1559	770.0
1560	817.0
1561	799.0
1562	794.0
1563	778.0
1564	815.0
1565	812.0
1566	777.0
1567	807.0
1568	808.0
1569	824.0
1570	803.0
1571	775.0
1572	818.0
1573	799.0
1574	760.0
1575	833.0
1576	806.0
1577	789.0
1578	816.0
1579	786.0
1580	785.0
1581	827.0
1582	811.0
1583	792.0
1584	791.0
1585	777.0
1586	810.0
1587	810.0
1588	804.0
1589	803.0
1590	798.0
1591	789.0
1592	809.0
1593	789.0
1594	807.0
1595	797.0
1596	805.0
1597	773.0
1598	819.0
1599	812.0
1600	803.0
1601	796.0
1602	813.0
1603	796.0
1604	793.0
1605	796.0
1606	794.0
1607	817.0
1608	775.0
1609	808.0
1610	802.0
1611	801.0
1612	788.0
1613	812.0
1614	783.0
1615	809.0
1616	827.0
1617	785.0
1618	802.0
1619	789.0
1620	807.0
1621	805.0
1622	792.0
1623	804.0
1624	806.0
1625	782.0
1626	827.0
1627	771.0
1628	832.0
1629	777.0
1630	787.0
1631	818.0
1632	792.0
1633	807.0
1634	788.0
1635	795.0
1636	808.0
1637	811.0
1638	781.0
1639	809.0
1640	799.0
1641	810.0
1642	781.0
1643	818.0
1644	811.0
1645	773.0
1646	806.0
1647	808.0
1648	805.0
1649	786.0
1650	824.0
1651	795.0
1652	797.0
1653	791.0
1654	792.0
1655	807.0
1656	793.0
1657	824.0
1658	808.0
1659	782.0
1660	791.0
1661	813.0
1662	786.0
1663	788.0
1664	816.0
1665	812.0
1666	777.0
1667	807.0
1668	826.0
1669	785.0
1670	784.0
1671	786.0
1672	817.0
1673	828.0
1674	768.0
1675	821.0
1676	783.0
1677	814.0
1678	792.0
1679	797.0
1680	812.0
1681	810.0
1682	786.0
1683	759.0
1684	813.0
1685	819.0
1686	818.0
1687	773.0
1688	801.0
1689	807.0
1690	786.0
1691	811.0
1692	787.0
1693	822.0
1694	789.0
1695	820.0
1696	791.0
1697	789.0
1698	808.0
1699	818.0
1700	788.0
1701	796.0
1702	800.0
1703	801.0
1704	803.0
1705	802.0
1706	798.0
1707	784.0
1708	798.0
1709	830.0
1710	786.0
1711	787.0
1712	813.0
1713	813.0
1714	810.0
1715	789.0
1716	798.0
1717	791.0
1718	770.0
1719	831.0
1720	814.0
1721	777.0
1722	793.0
1723	825.0
1724	791.0
1725	802.0
1726	789.0
1727	803.0
1728	802.0
1729	759.0
1730	826.0
1731	842.0
1732	792.0
1733	772.0
1734	796.0
1735	846.0
1736	782.0
1737	793.0
1738	816.0
1739	751.0
1740	848.0
1741	780.0
1742	810.0
1743	804.0
1744	771.0
1745	819.0
1746	811.0
1747	802.0
1748	779.0
1749	798.0
1750	809.0
1751	807.0
1752	813.0
1753	783.0
1754	814.0
1755	759.0
1756	815.0
1757	799.0
1758	807.0
1759	787.0
1760	807.0
1761	811.0
1762	806.0
1763	792.0
1764	783.0
1765	827.0
1766	801.0
1767	799.0
1768	781.0
1769	797.0
1770	808.0
1771	802.0
1772	805.0
1773	785.0
1774	828.0
1775	821.0
1776	756.0
1777	798.0
1778	799.0
1779	812.0
1780	778.0
1781	806.0
1782	803.0
1783	793.0
1784	810.0
1785	798.0
1786	795.0
1787	809.0
1788	794.0
1789	815.0
1790	805.0
1791	789.0
1792	795.0
1793	787.0
1794	816.0
1795	803.0
1796	793.0
1797	786.0
1798	842.0
1799	772.0
1800	806.0
1801	792.0
1802	794.0
1803	820.0
1804	784.0
1805	797.0
1806	794.0
1807	810.0
1808	812.0
1809	797.0
1810	800.0
1811	805.0
1812	795.0
1813	817.0
1814	769.0
1815	775.0
1816	833.0
1817	790.0
1818	826.0
1819	798.0
1820	788.0
1821	825.0
1822	753.0
1823	811.0
1824	816.0
1825	800.0
1826	795.0
1827	800.0
1828	798.0
1829	803.0
1830	795.0
1831	793.0
1832	800.0
1833	792.0
1834	832.0
1835	817.0
1836	796.0
1837	795.0
1838	793.0
1839	800.0
1840	803.0
1841	815.0
1842	767.0
1843	807.0
1844	811.0
1845	775.0
1846	798.0
1847	813.0
1848	805.0
1849	786.0
1850	802.0
1851	795.0
1852	809.0
1853	820.0
1854	798.0
1855	795.0
1856	819.0
1857	777.0
1858	782.0
1859	799.0
1860	786.0
1861	806.0
1862	817.0
1863	796.0
1864	800.0
1865	804.0
1866	788.0
1867	795.0
1868	815.0
1869	811.0
1870	792.0
1871	818.0
1872	802.0
1873	761.0
1874	821.0
1875	796.0
1876	803.0
1877	800.0
1878	785.0
1879	819.0
1880	812.0
1881	791.0
1882	805.0
1883	787.0
1884	795.0
1885	819.0
1886	802.0
1887	797.0
1888	794.0
1889	803.0
1890	803.0
1891	799.0
1892	787.0
1893	806.0
1894	813.0
1895	792.0
1896	815.0
1897	779.0
1898	812.0
1899	789.0
1900	797.0
1901	811.0
1902	776.0
1903	834.0
1904	780.0
1905	785.0
1906	823.0
1907	783.0
1908	804.0
1909	818.0
1910	777.0
1911	806.0
1912	809.0
1913	813.0
1914	779.0
1915	788.0
1916	806.0
1917	797.0
1918	808.0
1919	816.0
1920	776.0
1921	844.0
1922	752.0
1923	809.0
1924	797.0
1925	820.0
1926	787.0
1927	801.0
1928	815.0
1929	789.0
1930	799.0
1931	812.0
1932	784.0
1933	814.0
1934	795.0
1935	808.0
1936	770.0
1937	816.0
1938	792.0
1939	808.0
1940	811.0
1941	795.0
1942	797.0
1943	776.0
1944	837.0
1945	776.0
1946	800.0
1947	802.0
1948	821.0
1949	779.0
1950	821.0
1951	796.0
1952	789.0
1953	801.0
1954	802.0
1955	797.0
1956	776.0
1957	801.0
1958	838.0
1959	806.0
1960	789.0
1961	786.0
1962	806.0
1963	792.0
1964	814.0
1965	778.0
1966	800.0
1967	785.0
1968	825.0
1969	799.0
1970	801.0
1971	780.0
1972	826.0
1973	787.0
1974	818.0
1975	777.0
1976	820.0
1977	816.0
1978	788.0
1979	808.0
1980	782.0
1981	824.0
1982	783.0
1983	798.0
1984	796.0
1985	782.0
1986	797.0
1987	803.0
1988	802.0
1989	823.0
1990	813.0
1991	787.0
1992	798.0
1993	814.0
1994	794.0
1995	794.0
1996	800.0
1997	798.0
1998	817.0
1999	818.0
2000	754.0
2001	820.0
2002	799.0
2003	790.0
2004	791.0
2005	795.0
2006	787.0
2007	844.0
2008	782.0
2009	792.0
2010	837.0
2011	762.0
2012	803.0
2013	798.0
2014	814.0
2015	789.0
2016	799.0
2017	809.0
2018	798.0
2019	801.0
2020	805.0
2021	805.0
2022	793.0
2023	784.0
2024	769.0
2025	833.0
2026	816.0
2027	775.0
2028	807.0
2029	812.0
2030	798.0
2031	818.0
2032	800.0
2033	775.0
2034	806.0
2035	815.0
2036	782.0
2037	800.0
2038	798.0
2039	814.0
2040	792.0
2041	790.0
2042	809.0
2043	764.0
2044	837.0
2045	798.0
2046	812.0
2047	796.0
2048	782.0
2049	839.0
2050	792.0
2051	765.0
2052	802.0
2053	804.0
2054	818.0
2055	773.0
2056	802.0
2057	815.0
2058	804.0
2059	802.0
2060	775.0
2061	818.0
2062	833.0
2063	770.0
2064	805.0
2065	772.0
2066	823.0
2067	792.0
2068	778.0
2069	827.0
2070	815.0
2071	807.0
2072	784.0
2073	795.0
2074	783.0
2075	832.0
2076	813.0
2077	797.0
2078	781.0
2079	790.0
2080	826.0
2081	803.0
2082	785.0
2083	777.0
2084	811.0
2085	784.0
2086	816.0
2087	804.0
2088	818.0
2089	787.0
2090	797.0
2091	810.0
2092	789.0
2093	787.0
2094	800.0
2095	797.0
2096	815.0
2097	811.0
2098	790.0
2099	799.0
2100	803.0
2101	782.0
2102	807.0
2103	816.0
2104	798.0
2105	774.0
2106	823.0
2107	802.0
2108	807.0
2109	816.0
2110	755.0
2111	808.0
2112	803.0
2113	809.0
2114	798.0
2115	815.0
2116	769.0
2117	802.0
2118	814.0
2119	817.0
2120	783.0
2121	775.0
2122	819.0
2123	803.0
2124	808.0
2125	787.0
2126	823.0
2127	788.0
2128	792.0
2129	774.0
2130	838.0
2131	782.0
2132	815.0
2133	819.0
2134	791.0
2135	777.0
2136	805.0
2137	794.0
2138	800.0
2139	813.0
2140	795.0
2141	796.0
2142	785.0
2143	819.0
2144	807.0
2145	801.0
2146	798.0
2147	790.0
2148	815.0
2149	778.0
2150	822.0
2151	795.0
2152	804.0
2153	794.0
2154	805.0
2155	795.0
2156	810.0
2157	791.0
2158	787.0
2159	796.0
2160	821.0
2161	784.0
2162	807.0
2163	819.0
2164	767.0
2165	827.0
2166	798.0
2167	800.0
2168	755.0
2169	826.0
2170	799.0
2171	814.0
2172	783.0
2173	811.0
2174	805.0
2175	796.0
2176	813.0
2177	809.0
2178	778.0
2179	829.0
2180	786.0
2181	798.0
2182	803.0
2183	803.0
2184	811.0
2185	777.0
2186	787.0
2187	787.0
2188	834.0
2189	780.0
2190	797.0
2191	819.0
2192	778.0
2193	794.0
2194	797.0
2195	840.0
2196	799.0
2197	766.0
2198	820.0
2199	793.0
2200	794.0
2201	814.0
2202	781.0
2203	809.0
2204	823.0
2205	776.0
2206	808.0
2207	804.0
2208	768.0
2209	828.0
2210	786.0
2211	816.0
2212	810.0
2213	784.0
2214	779.0
2215	819.0
2216	805.0
2217	801.0
2218	795.0
2219	789.0
2220	825.0
2221	790.0
2222	804.0
2223	823.0
2224	777.0
2225	801.0
2226	791.0
2227	810.0
2228	784.0
2229	808.0
2230	806.0
2231	812.0
2232	786.0
2233	821.0
2234	777.0
2235	807.0
2236	800.0
2237	815.0
2238	782.0
2239	790.0
2240	816.0
2241	791.0
2242	814.0
2243	757.0
2244	832.0
2245	794.0
2246	810.0
2247	796.0
2248	787.0
2249	810.0
2250	805.0
2251	780.0
2252	806.0
2253	799.0
2254	788.0
2255	824.0
2256	811.0
2257	791.0
2258	815.0
2259	768.0
2260	839.0
2261	777.0
2262	799.0
2263	794.0
2264	801.0
2265	766.0
2266	840.0
2267	816.0
2268	770.0
2269	771.0
2270	830.0
2271	789.0
2272	813.0
2273	789.0
2274	826.0
2275	786.0
2276	775.0
2277	836.0
2278	791.0
2279	800.0
2280	797.0
2281	818.0
2282	781.0
2283	823.0
2284	777.0
2285	804.0
2286	804.0
2287	807.0
2288	811.0
2289	783.0
2290	811.0
2291	767.0
2292	829.0
2293	808.0
2294	803.0
2295	792.0
2296	803.0
2297	800.0
2298	808.0
2299	786.0
2300	788.0
2301	802.0
2302	818.0
2303	782.0
2304	792.0
2305	808.0
2306	818.0
2307	823.0
2308	756.0
2309	805.0
2310	784.0
2311	826.0
2312	777.0
2313	821.0
2314	785.0
2315	815.0
2316	790.0
2317	800.0
2318	807.0
2319	803.0
2320	788.0
2321	814.0
2322	790.0
2323	802.0
2324	794.0
2325	821.0
2326	788.0
2327	793.0
2328	778.0
2329	823.0
2330	791.0
2331	807.0
2332	811.0
2333	803.0
2334	785.0
2335	801.0
2336	788.0
2337	805.0
2338	811.0
2339	788.0
2340	800.0
2341	804.0
2342	813.0
2343	761.0
2344	799.0
2345	845.0
2346	788.0
2347	819.0
2348	786.0
2349	784.0
2350	804.0
2351	796.0
2352	802.0
2353	806.0
2354	813.0
2355	779.0
2356	835.0
2357	771.0
2358	792.0
2359	788.0
2360	812.0
2361	826.0
2362	787.0
2363	792.0
2364	817.0
2365	781.0
2366	801.0
2367	811.0
2368	807.0
2369	788.0
2370	786.0
2371	811.0
2372	796.0
2373	813.0
2374	788.0
2375	806.0
2376	823.0
2377	770.0
2378	834.0
2379	791.0
2380	802.0
2381	790.0
2382	807.0
2383	807.0
2384	774.0
2385	812.0
2386	796.0
2387	802.0
2388	813.0
2389	780.0
2390	815.0
2391	807.0
2392	789.0
2393	774.0
2394	832.0
2395	797.0
2396	785.0
2397	786.0
2398	814.0
2399	804.0
2400	795.0
2401	801.0
2402	804.0
2403	784.0
2404	802.0
2405	834.0
2406	792.0
2407	791.0
2408	796.0
2409	785.0
2410	806.0
2411	803.0
2412	827.0
2413	797.0
2414	790.0
2415	788.0
2416	805.0
2417	793.0
2418	810.0
2419	809.0
2420	801.0
2421	781.0
2422	806.0
2423	814.0
2424	799.0
2425	776.0
2426	804.0
2427	824.0
2428	804.0
2429	789.0
2430	794.0
2431	790.0
2432	801.0
2433	797.0
2434	794.0
2435	806.0
2436	825.0
2437	795.0
2438	782.0
2439	791.0
2440	827.0
2441	795.0
2442	794.0
2443	824.0
2444	773.0
2445	809.0
2446	777.0
2447	802.0
2448	793.0
2449	808.0
2450	830.0
2451	783.0
2452	819.0
2453	796.0
2454	804.0
2455	801.0
2456	773.0
2457	799.0
2458	807.0
2459	788.0
2460	788.0
2461	816.0
2462	812.0
2463	810.0
2464	801.0
2465	778.0
2466	807.0
2467	805.0
2468	825.0
2469	785.0
2470	767.0
2471	814.0
2472	803.0
2473	801.0
2474	813.0
2475	783.0
2476	798.0
2477	816.0
2478	793.0
2479	806.0
2480	788.0
2481	814.0
2482	773.0
2483	810.0
2484	796.0
2485	825.0
2486	792.0
2487	820.0
2488	754.0
2489	819.0
2490	807.0
2491	796.0
2492	792.0
2493	795.0
2494	815.0
2495	799.0
2496	786.0
2497	811.0
2498	784.0
2499	796.0
2500	815.0
2501	789.0
2502	814.0
2503	808.0
2504	811.0
2505	767.0
2506	795.0
2507	822.0
2508	802.0
2509	823.0
2510	786.0
2511	809.0
2512	778.0
2513	792.0
2514	802.0
2515	838.0
2516	791.0
2517	778.0
2518	789.0
2519	800.0
2520	799.0
2521	811.0
2522	797.0
2523	799.0
2524	791.0
2525	818.0
2526	804.0
2527	795.0
2528	781.0
2529	819.0
2530	806.0
2531	802.0
2532	801.0
2533	799.0
2534	795.0
2535	811.0
2536	796.0
2537	794.0
2538	793.0
2539	796.0
2540	820.0
2541	794.0
2542	794.0
2543	796.0
2544	796.0
2545	815.0
2546	787.0
2547	802.0
2548	805.0
2549	794.0
2550	822.0
2551	786.0
2552	784.0
2553	801.0
2554	800.0
2555	790.0
2556	821.0
2557	787.0
2558	825.0
2559	795.0
2560	796.0
2561	786.0
2562	796.0
2563	821.0
2564	795.0
2565	794.0
2566	816.0
2567	791.0
2568	797.0
2569	798.0
2570	799.0
2571	802.0
2572	789.0
2573	795.0
2574	798.0
2575	829.0
2576	802.0
2577	789.0
2578	793.0
2579	795.0
2580	805.0
2581	824.0
2582	786.0
2583	798.0
2584	781.0
2585	813.0
2586	801.0
2587	810.0
2588	804.0
2589	775.0
2590	805.0
2591	815.0
2592	793.0
2593	804.0
2594	783.0
2595	823.0
2596	806.0
2597	775.0
2598	802.0
2599	790.0
2600	816.0
2601	791.0
2602	813.0
2603	787.0
2604	798.0
2605	810.0
2606	802.0
2607	773.0
2608	825.0
2609	795.0
2610	816.0
2611	777.0
2612	800.0
2613	801.0
2614	821.0
2615	785.0
2616	817.0
2617	796.0
2618	788.0
2619	814.0
2620	793.0
2621	817.0
2622	777.0
2623	824.0
2624	796.0
2625	803.0
2626	758.0
2627	805.0
2628	816.0
2629	808.0
2630	822.0
2631	788.0
2632	790.0
2633	804.0
2634	800.0
2635	798.0
2636	806.0
2637	766.0
2638	806.0
2639	815.0
2640	780.0
2641	797.0
2642	841.0
2643	801.0
2644	791.0
2645	799.0
2646	797.0
2647	787.0
2648	803.0
2649	794.0
2650	802.0
2651	792.0
2652	790.0
2653	838.0
2654	792.0
2655	788.0
2656	810.0
2657	803.0
2658	797.0
2659	794.0
2660	800.0
2661	808.0
2662	787.0
2663	816.0
2664	833.0
2665	781.0
2666	784.0
2667	818.0
2668	795.0
2669	800.0
2670	772.0
2671	816.0
2672	797.0
2673	793.0
2674	809.0
2675	787.0
2676	821.0
2677	798.0
2678	815.0
2679	768.0
2680	796.0
2681	819.0
2682	803.0
2683	783.0
2684	807.0
2685	795.0
2686	809.0
2687	797.0
2688	788.0
2689	799.0
2690	814.0
2691	795.0
2692	792.0
2693	804.0
2694	785.0
2695	820.0
2696	820.0
2697	779.0
2698	805.0
2699	794.0
2700	827.0
2701	759.0
2702	812.0
2703	803.0
2704	814.0
2705	776.0
2706	830.0
2707	773.0
2708	780.0
2709	830.0
2710	788.0
2711	820.0
2712	787.0
2713	818.0
2714	802.0
2715	780.0
2716	819.0
2717	784.0
2718	798.0
2719	804.0
2720	802.0
2721	777.0
2722	812.0
2723	820.0
2724	778.0
2725	830.0
2726	773.0
2727	798.0
2728	804.0
2729	818.0
2730	772.0
2731	821.0
2732	808.0
2733	792.0
2734	807.0
2735	793.0
2736	803.0
2737	782.0
2738	803.0
2739	797.0
2740	794.0
2741	806.0
2742	799.0
2743	813.0
2744	800.0
2745	791.0
2746	793.0
2747	817.0
2748	776.0
2749	835.0
2750	780.0
2751	804.0
2752	799.0
2753	815.0
2754	793.0
2755	774.0
2756	795.0
2757	838.0
2758	783.0
2759	793.0
2760	807.0
2761	803.0
2762	821.0
2763	761.0
2764	828.0
2765	770.0
2766	802.0
2767	792.0
2768	825.0
2769	810.0
2770	790.0
2771	800.0
2772	796.0
2773	794.0
2774	804.0
2775	810.0
2776	785.0
2777	812.0
2778	808.0
2779	776.0
2780	798.0
2781	820.0
2782	779.0
2783	812.0
2784	811.0
2785	772.0
2786	820.0
2787	825.0
2788	791.0
2789	798.0
2790	778.0
2791	809.0
2792	795.0
2793	787.0
2794	818.0
2795	794.0
2796	815.0
2797	786.0
2798	813.0
2799	816.0
2800	772.0
2801	787.0
2802	822.0
2803	788.0
2804	831.0
2805	781.0
2806	791.0
2807	830.0
2808	790.0
2809	797.0
2810	793.0
2811	805.0
2812	780.0
2813	810.0
2814	778.0
2815	809.0
2816	802.0
2817	794.0
2818	831.0
2819	794.0
2820	797.0
2821	801.0
2822	799.0
2823	787.0
2824	809.0
2825	792.0
2826	799.0
2827	806.0
2828	801.0
2829	804.0
2830	801.0
2831	800.0
2832	802.0
2833	793.0
2834	811.0
2835	777.0
2836	797.0
2837	825.0
2838	792.0
2839	787.0
2840	819.0
2841	802.0
2842	782.0
2843	808.0
2844	809.0
2845	795.0
2846	808.0
2847	799.0
2848	793.0
2849	815.0
2850	797.0
2851	783.0
2852	822.0
2853	766.0
2854	825.0
2855	782.0
2856	792.0
2857	804.0
2858	801.0
2859	833.0
2860	782.0
2861	805.0
2862	780.0
2863	791.0
2864	824.0
2865	803.0
2866	793.0
2867	796.0
2868	807.0
2869	808.0
2870	789.0
2871	809.0
2872	787.0
2873	822.0
2874	808.0
2875	779.0
2876	794.0
2877	816.0
2878	771.0
2879	797.0
2880	818.0
2881	815.0
2882	780.0
2883	802.0
2884	817.0
2885	788.0
2886	786.0
2887	798.0
2888	842.0
2889	780.0
2890	801.0
2891	795.0
2892	775.0
2893	823.0
2894	772.0
2895	836.0
2896	790.0
2897	779.0
2898	840.0
2899	793.0
2900	774.0
2901	799.0
2902	797.0
2903	790.0
2904	802.0
2905	814.0
2906	791.0
2907	825.0
2908	800.0
2909	788.0
2910	815.0
2911	791.0
2912	820.0
2913	791.0
2914	780.0
2915	820.0
2916	784.0
2917	797.0
2918	816.0
2919	796.0
2920	797.0
2921	814.0
2922	755.0
2923	837.0
2924	808.0
2925	787.0
2926	812.0
2927	819.0
2928	770.0
2929	790.0
2930	804.0
2931	803.0
2932	790.0
2933	823.0
2934	789.0
2935	813.0
2936	790.0
2937	786.0
2938	795.0
2939	810.0
2940	779.0
2941	821.0
2942	785.0
2943	818.0
2944	795.0
2945	815.0
2946	799.0
2947	800.0
2948	791.0
2949	807.0
2950	803.0
2951	791.0
2952	789.0
2953	830.0
2954	777.0
2955	799.0
2956	818.0
2957	775.0
2958	807.0
2959	814.0
2960	789.0
2961	804.0
2962	798.0
2963	797.0
2964	817.0
2965	789.0
2966	805.0
2967	785.0
2968	804.0
2969	789.0
2970	795.0
2971	791.0
2972	815.0
2973	811.0
2974	789.0
2975	820.0
2976	796.0
2977	785.0
2978	817.0
2979	788.0
2980	826.0
2981	792.0
2982	782.0
2983	811.0
2984	796.0
2985	799.0
2986	805.0
2987	795.0
2988	779.0
2989	808.0
2990	802.0
2991	812.0
2992	824.0
2993	762.0
2994	792.0
2995	845.0
2996	788.0
2997	790.0
2998	822.0
2999	796.0
3000	782.0
3001	789.0
3002	807.0
3003	814.0
3004	791.0
3005	812.0
3006	789.0
3007	808.0
3008	792.0
3009	771.0
3010	821.0
3011	806.0
3012	796.0
3013	803.0
3014	790.0
3015	797.0
3016	795.0
3017	819.0
3018	814.0
3019	778.0
3020	815.0
3021	795.0
3022	793.0
3023	813.0
3024	796.0
3025	801.0
3026	796.0
3027	815.0
3028	772.0
3029	830.0
3030	781.0
3031	806.0
3032	799.0
3033	789.0
3034	803.0
3035	798.0
3036	804.0
3037	806.0
3038	799.0
3039	809.0
3040	794.0
3041	794.0
3042	819.0
3043	786.0
3044	771.0
3045	823.0
3046	821.0
3047	781.0
3048	806.0
3049	791.0
3050	810.0
3051	782.0
3052	820.0
3053	791.0
3054	786.0
3055	798.0
3056	802.0
3057	820.0
3058	774.0
3059	797.0
3060	824.0
3061	794.0
3062	810.0
3063	800.0
3064	825.0
3065	775.0
3066	784.0
3067	796.0
3068	813.0
3069	801.0
3070	801.0
3071	816.0
3072	785.0
3073	805.0
3074	816.0
3075	779.0
3076	785.0
3077	812.0
3078	820.0
3079	781.0
3080	820.0
3081	765.0
3082	792.0
3083	819.0
3084	825.0
3085	776.0
3086	799.0
3087	818.0
3088	762.0
3089	841.0
3090	789.0
3091	793.0
3092	791.0
3093	804.0
3094	807.0
3095	803.0
3096	786.0
3097	806.0
3098	814.0
3099	802.0
3100	795.0
3101	793.0
3102	782.0
3103	813.0
3104	795.0
3105	808.0
3106	771.0
3107	815.0
3108	803.0
3109	805.0
3110	805.0
3111	817.0
3112	800.0
3113	802.0
3114	781.0
3115	828.0
3116	791.0
3117	802.0
3118	793.0
3119	783.0
3120	808.0
3121	805.0
3122	785.0
3123	799.0
3124	804.0
3125	767.0
3126	849.0
3127	755.0
3128	815.0
3129	822.0
3130	789.0
3131	818.0
3132	799.0
3133	804.0
3134	779.0
3135	795.0
3136	819.0
3137	799.0
3138	770.0
3139	826.0
3140	809.0
3141	788.0
3142	798.0
3143	831.0
3144	794.0
3145	788.0
3146	774.0
3147	837.0
3148	781.0
3149	783.0
3150	821.0
3151	808.0
3152	808.0
3153	797.0
3154	778.0
3155	785.0
3156	804.0
3157	810.0
3158	783.0
3159	823.0
3160	810.0
3161	796.0
3162	796.0
3163	793.0
3164	803.0
3165	803.0
3166	787.0
3167	804.0
3168	809.0
3169	783.0
3170	796.0
3171	811.0
3172	813.0
3173	817.0
3174	782.0
3175	795.0
3176	778.0
3177	828.0
3178	811.0
3179	798.0
3180	783.0
3181	792.0
3182	834.0
3183	788.0
3184	784.0
3185	817.0
3186	811.0
3187	802.0
3188	788.0
3189	789.0
3190	791.0
3191	799.0
3192	821.0
3193	778.0
3194	811.0
3195	807.0
3196	801.0
3197	800.0
3198	781.0
3199	792.0
3200	798.0
3201	815.0
3202	804.0
3203	786.0
3204	813.0
3205	828.0
3206	786.0
3207	799.0
3208	780.0
3209	802.0
3210	807.0
3211	800.0
3212	799.0
3213	792.0
3214	803.0
3215	790.0
3216	790.0
3217	845.0
3218	773.0
3219	791.0
3220	807.0
3221	807.0
3222	788.0
3223	829.0
3224	790.0
3225	792.0
3226	825.0
3227	752.0
3228	824.0
3229	797.0
3230	826.0
3231	797.0
3232	791.0
3233	784.0
3234	812.0
3235	791.0
3236	825.0
3237	760.0
3238	825.0
3239	806.0
3240	804.0
3241	810.0
3242	779.0
3243	803.0
3244	776.0
3245	823.0
3246	791.0
3247	791.0
3248	826.0
3249	791.0
3250	789.0
3251	786.0
3252	809.0
3253	821.0
3254	792.0
3255	803.0
3256	805.0
3257	808.0
3258	762.0
3259	837.0
3260	773.0
3261	819.0
3262	768.0
3263	815.0
3264	805.0
3265	812.0
3266	789.0
3267	791.0
3268	811.0
3269	803.0
3270	782.0
3271	807.0
3272	818.0
3273	779.0
3274	794.0
3275	824.0
3276	796.0
3277	803.0
3278	807.0
3279	781.0
3280	801.0
3281	800.0
3282	812.0
3283	783.0
3284	787.0
3285	800.0
3286	829.0
3287	803.0
3288	781.0
3289	801.0
3290	799.0
3291	821.0
3292	791.0
3293	807.0
3294	815.0
3295	777.0
3296	777.0
3297	833.0
3298	798.0
3299	804.0
3300	796.0
3301	793.0
3302	813.0
3303	781.0
3304	805.0
3305	803.0
3306	812.0
3307	778.0
3308	789.0
3309	813.0
3310	780.0
3311	803.0
3312	826.0
3313	788.0
3314	812.0
3315	788.0
3316	811.0
3317	821.0
3318	790.0
3319	765.0
3320	808.0
3321	816.0
3322	791.0
3323	810.0
3324	799.0
3325	782.0
3326	816.0
3327	804.0
3328	792.0
3329	817.0
3330	775.0
3331	802.0
3332	803.0
3333	813.0
3334	796.0
3335	804.0
3336	790.0
3337	808.0
3338	797.0
3339	785.0
3340	793.0
3341	803.0
3342	829.0
3343	787.0
3344	781.0
3345	809.0
3346	819.0
3347	780.0
3348	816.0
3349	779.0
3350	838.0
3351	758.0
3352	822.0
3353	795.0
3354	789.0
3355	801.0
3356	807.0
3357	812.0
3358	818.0
3359	780.0
3360	812.0
3361	785.0
3362	792.0
3363	825.0
3364	814.0
3365	769.0
3366	807.0
3367	798.0
3368	802.0
3369	817.0
3370	759.0
3371	802.0
3372	804.0
3373	833.0
3374	778.0
3375	802.0
3376	784.0
3377	815.0
3378	783.0
3379	811.0
3380	824.0
3381	779.0
3382	789.0
3383	774.0
3384	829.0
3385	811.0
3386	768.0
3387	810.0
3388	838.0
3389	786.0
3390	778.0
3391	808.0
3392	812.0
3393	810.0
3394	791.0
3395	808.0
3396	788.0
3397	795.0
3398	816.0
3399	782.0
3400	811.0
3401	790.0
3402	810.0
3403	803.0
3404	792.0
3405	795.0
3406	805.0
3407	807.0
3408	798.0
3409	802.0
3410	815.0
3411	767.0
3412	814.0
3413	792.0
3414	795.0
3415	814.0
3416	804.0
3417	794.0
3418	811.0
3419	795.0
3420	784.0
3421	815.0
3422	784.0
3423	821.0
3424	786.0
3425	787.0
3426	810.0
3427	815.0
3428	788.0
3429	794.0
3430	814.0
3431	783.0
3432	810.0
3433	786.0
3434	817.0
3435	807.0
3436	794.0
3437	804.0
3438	790.0
3439	800.0
3440	796.0
3441	814.0
3442	792.0
3443	804.0
3444	787.0
3445	800.0
3446	813.0
3447	792.0
3448	805.0
3449	797.0
3450	815.0
3451	788.0
3452	818.0
3453	800.0
3454	799.0
3455	791.0
3456	786.0
3457	815.0
3458	787.0
3459	803.0
3460	812.0
3461	802.0
3462	790.0
3463	812.0
3464	785.0
3465	789.0
3466	809.0
3467	823.0
3468	773.0
3469	791.0
3470	815.0
3471	796.0
3472	773.0
3473	821.0
3474	795.0
3475	809.0
3476	801.0
3477	805.0
3478	790.0
3479	802.0
3480	803.0
3481	795.0
3482	801.0
3483	806.0
3484	812.0
3485	797.0
3486	807.0
3487	825.0
3488	764.0
3489	784.0
3490	829.0
3491	800.0
3492	789.0
3493	806.0
3494	808.0
3495	781.0
3496	799.0
3497	786.0
3498	841.0
3499	790.0
3500	782.0
3501	808.0
3502	791.0
3503	810.0
3504	797.0
3505	814.0
3506	777.0
3507	815.0
3508	792.0
3509	816.0
3510	797.0
3511	789.0
3512	821.0
3513	771.0
3514	805.0
3515	812.0
3516	777.0
3517	793.0
3518	823.0
3519	808.0
3520	783.0
3521	810.0
3522	782.0
3523	794.0
3524	816.0
3525	817.0
3526	787.0
3527	814.0
3528	790.0
3529	770.0
3530	807.0
3531	791.0
3532	822.0
3533	817.0
3534	780.0
3535	807.0
3536	800.0
3537	786.0
3538	783.0
3539	822.0
3540	807.0
3541	802.0
3542	812.0
3543	783.0
3544	823.0
3545	795.0
3546	804.0
3547	802.0
3548	759.0
3549	831.0
3550	782.0
3551	787.0
3552	811.0
3553	811.0
3554	796.0
3555	787.0
3556	813.0
3557	800.0
3558	816.0
3559	796.0
3560	798.0
3561	826.0
3562	769.0
3563	790.0
3564	781.0
3565	837.0
3566	800.0
3567	793.0
3568	801.0
3569	816.0
3570	790.0
3571	776.0
3572	821.0
3573	804.0
3574	807.0
3575	777.0
3576	818.0
3577	792.0
3578	780.0
3579	796.0
3580	857.0
3581	774.0
3582	781.0
3583	819.0
3584	802.0
3585	786.0
3586	777.0
3587	808.0
3588	814.0
3589	810.0
3590	780.0
3591	802.0
3592	831.0
3593	788.0
3594	792.0
3595	792.0
3596	798.0
3597	821.0
3598	801.0
3599	803.0
3600	773.0
3601	800.0
3602	821.0
3603	772.0
3604	793.0
3605	806.0
3606	811.0
3607	811.0
3608	774.0
3609	836.0
3610	796.0
3611	803.0
3612	778.0
3613	782.0
3614	831.0
3615	808.0
3616	814.0
3617	773.0
3618	812.0
3619	792.0
3620	802.0
3621	794.0
3622	808.0
3623	809.0
3624	791.0
3625	806.0
3626	799.0
3627	806.0
3628	782.0
3629	809.0
3630	802.0
3631	805.0
3632	800.0
3633	788.0
3634	781.0
3635	820.0
3636	803.0
3637	808.0
3638	777.0
3639	804.0
3640	793.0
3641	826.0
3642	805.0
3643	771.0
3644	807.0
3645	810.0
3646	797.0
3647	790.0
3648	801.0
3649	812.0
3650	773.0
3651	815.0
3652	801.0
3653	803.0
3654	812.0
3655	797.0
3656	782.0
3657	794.0
3658	825.0
3659	799.0
3660	801.0
3661	800.0
3662	796.0
3663	774.0
3664	813.0
3665	805.0
3666	804.0
3667	826.0
3668	776.0
3669	801.0
3670	803.0
3671	778.0
3672	787.0
3673	814.0
3674	800.0
3675	822.0
3676	785.0
3677	816.0
3678	785.0
3679	795.0
3680	805.0
3681	783.0
3682	822.0
3683	784.0
3684	803.0
3685	819.0
3686	809.0
3687	794.0
3688	788.0
3689	813.0
3690	789.0
3691	800.0
3692	803.0
3693	802.0
3694	805.0
3695	789.0
3696	804.0
3697	789.0
3698	811.0
3699	796.0
3700	805.0
3701	799.0
3702	803.0
3703	811.0
3704	790.0
3705	794.0
3706	807.0
3707	818.0
3708	787.0
3709	789.0
3710	818.0
3711	782.0
3712	799.0
3713	788.0
3714	791.0
3715	824.0
3716	815.0
3717	766.0
3718	789.0
3719	830.0
3720	802.0
3721	806.0
3722	790.0
3723	799.0
3724	785.0
3725	816.0
3726	792.0
3727	805.0
3728	792.0
3729	842.0
3730	767.0
3731	806.0
3732	790.0
3733	795.0
3734	815.0
3735	810.0
3736	807.0
3737	777.0
3738	805.0
3739	816.0
3740	790.0
3741	786.0
3742	802.0
3743	814.0
3744	784.0
3745	801.0
3746	797.0
3747	821.0
3748	799.0
3749	783.0
3750	800.0
3751	817.0
3752	777.0
3753	807.0
3754	799.0
3755	810.0
3756	803.0
3757	800.0
3758	812.0
3759	783.0
3760	784.0
3761	793.0
3762	808.0
3763	795.0
3764	831.0
3765	784.0
3766	806.0
3767	790.0
3768	817.0
3769	785.0
3770	795.0
3771	826.0
3772	789.0
3773	765.0
3774	823.0
3775	800.0
3776	806.0
3777	815.0
3778	817.0
3779	767.0
3780	791.0
3781	828.0
3782	791.0
3783	781.0
3784	822.0
3785	787.0
3786	805.0
3787	808.0
3788	795.0
3789	795.0
3790	790.0
3791	799.0
3792	809.0
3793	819.0
3794	776.0
3795	813.0
3796	790.0
3797	805.0
3798	803.0
3799	808.0
3800	784.0
3801	787.0
3802	806.0
3803	802.0
3804	792.0
3805	827.0
3806	800.0
3807	790.0
3808	816.0
3809	766.0
3810	817.0
3811	801.0
3812	777.0
3813	822.0
3814	811.0
3815	785.0
3816	806.0
3817	819.0
3818	782.0
3819	796.0
3820	800.0
3821	797.0
3822	792.0
3823	797.0
3824	828.0
3825	788.0
3826	781.0
3827	806.0
3828	801.0
3829	796.0
3830	808.0
3831	778.0
3832	811.0
3833	797.0
3834	820.0
3835	795.0
3836	806.0
3837	810.0
3838	816.0
3839	775.0
3840	792.0
3841	795.0
3842	804.0
3843	824.0
3844	792.0
3845	792.0
3846	784.0
3847	819.0
3848	788.0
3849	808.0
3850	802.0
3851	799.0
3852	809.0
3853	774.0
3854	808.0
3855	806.0
3856	789.0
3857	825.0
3858	800.0
3859	821.0
3860	788.0
3861	777.0
3862	796.0
3863	813.0
3864	810.0
3865	773.0
3866	830.0
3867	794.0
3868	800.0
3869	765.0
3870	835.0
3871	795.0
3872	772.0
3873	802.0
3874	830.0
3875	767.0
3876	811.0
3877	805.0
3878	834.0
3879	772.0
3880	822.0
3881	787.0
3882	785.0
3883	793.0
3884	807.0
3885	788.0
3886	790.0
3887	823.0
3888	794.0
3889	808.0
3890	782.0
3891	823.0
3892	787.0
3893	778.0
3894	822.0
3895	794.0
3896	817.0
3897	789.0
3898	798.0
3899	809.0
3900	803.0
3901	779.0
3902	814.0
3903	807.0
3904	808.0
3905	774.0
3906	810.0
3907	789.0
3908	825.0
3909	786.0
3910	795.0
3911	807.0
3912	809.0
3913	777.0
3914	794.0
3915	818.0
3916	822.0
3917	800.0
3918	787.0
3919	792.0
3920	808.0
3921	800.0
3922	793.0
3923	816.0
3924	779.0
3925	827.0
3926	781.0
3927	800.0
3928	808.0
3929	788.0
3930	808.0
3931	812.0
3932	808.0
3933	800.0
3934	772.0
3935	804.0
3936	797.0
3937	796.0
3938	824.0
3939	781.0
3940	809.0
3941	791.0
3942	811.0
3943	796.0
3944	800.0
3945	802.0
3946	818.0
3947	760.0
3948	803.0
3949	822.0
3950	798.0
3951	802.0
3952	781.0
3953	797.0
3954	795.0
3955	813.0
3956	789.0
3957	817.0
3958	814.0
3959	785.0
3960	809.0
3961	755.0
3962	820.0
3963	827.0
3964	803.0
3965	781.0
3966	791.0
3967	803.0
3968	822.0
3969	772.0
3970	806.0
3971	803.0
3972	814.0
3973	795.0
3974	801.0
3975	790.0
3976	816.0
3977	800.0
3978	803.0
3979	757.0
3980	817.0
3981	800.0
3982	824.0
3983	803.0
3984	792.0
3985	808.0
3986	799.0
3987	785.0
3988	818.0
3989	795.0
3990	793.0
3991	793.0
3992	810.0
3993	781.0
3994	810.0
3995	810.0
3996	804.0
3997	804.0
3998	796.0
3999	794.0
4000	803.0
4001	792.0
4002	826.0
4003	773.0
4004	802.0
4005	800.0
4006	789.0
4007	802.0
4008	787.0
4009	831.0
4010	799.0
4011	791.0
4012	802.0
4013	775.0
4014	820.0
4015	808.0
4016	814.0
4017	774.0
4018	819.0
4019	793.0
4020	785.0
4021	824.0
4022	807.0
4023	778.0
4024	802.0
4025	784.0
4026	836.0
4027	785.0
4028	789.0
4029	802.0
4030	804.0
4031	808.0
4032	784.0
4033	809.0
4034	821.0
4035	769.0
4036	809.0
4037	787.0
4038	805.0
4039	818.0
4040	775.0
4041	820.0
4042	789.0
4043	822.0
4044	795.0
4045	778.0
4046	817.0
4047	799.0
4048	811.0
4049	768.0
4050	817.0
4051	797.0
4052	809.0
4053	788.0
4054	803.0
4055	810.0
4056	782.0
4057	772.0
4058	827.0
4059	811.0
4060	804.0
4061	809.0
4062	790.0
4063	789.0
4064	788.0
4065	825.0
4066	788.0
4067	804.0
4068	792.0
4069	797.0
4070	820.0
4071	806.0
4072	774.0
4073	808.0
4074	810.0
4075	799.0
4076	796.0
4077	803.0
4078	796.0
4079	824.0
4080	779.0
4081	828.0
4082	753.0
4083	807.0
4084	808.0
4085	780.0
4086	818.0
4087	793.0
4088	814.0
4089	787.0
4090	822.0
4091	797.0
4092	777.0
4093	813.0
4094	819.0
4095	783.0
4096	803.0
4097	799.0
4098	820.0
4099	782.0
4100	819.0
4101	798.0
4102	792.0
4103	790.0
4104	800.0
4105	792.0
4106	808.0
4107	806.0
4108	789.0
4109	804.0
4110	815.0
4111	803.0
4112	790.0
4113	796.0
4114	790.0
4115	812.0
4116	823.0
4117	787.0
4118	789.0
4119	794.0
4120	794.0
4121	789.0
4122	802.0
4123	810.0
4124	811.0
4125	791.0
4126	795.0
4127	814.0
4128	782.0
4129	807.0
4130	819.0
4131	777.0
4132	819.0
4133	793.0
4134	790.0
4135	809.0
4136	808.0
4137	807.0
4138	776.0
4139	804.0
4140	795.0
4141	811.0
4142	792.0
4143	808.0
4144	792.0
4145	801.0
4146	784.0
4147	807.0
4148	791.0
4149	830.0
4150	798.0
4151	772.0
4152	802.0
4153	805.0
4154	823.0
4155	813.0
4156	793.0
4157	803.0
4158	807.0
4159	776.0
4160	790.0
4161	799.0
4162	798.0
4163	797.0
4164	802.0
4165	804.0
4166	798.0
4167	825.0
4168	791.0
4169	790.0
4170	815.0
4171	793.0
4172	796.0
4173	812.0
4174	794.0
4175	817.0
4176	775.0
4177	805.0
4178	789.0
4179	818.0
4180	784.0
4181	826.0
4182	799.0
4183	796.0
4184	788.0
4185	784.0
4186	811.0
4187	799.0
4188	788.0
4189	802.0
4190	801.0
4191	810.0
4192	775.0
4193	844.0
4194	790.0
4195	795.0
4196	800.0
4197	795.0
4198	790.0
4199	820.0
4200	794.0
4201	784.0
4202	820.0
4203	784.0
4204	823.0
4205	793.0
4206	791.0
4207	808.0
4208	807.0
4209	764.0
4210	804.0
4211	811.0
4212	821.0
4213	782.0
4214	801.0
4215	816.0
4216	785.0
4217	808.0
4218	802.0
4219	802.0
4220	792.0
4221	821.0
4222	789.0
4223	781.0
4224	831.0
4225	763.0
4226	803.0
4227	806.0
4228	826.0
4229	771.0
4230	818.0
4231	803.0
4232	775.0
4233	848.0
4234	770.0
4235	802.0
4236	787.0
4237	837.0
4238	764.0
4239	806.0
4240	811.0
4241	786.0
4242	816.0
4243	790.0
4244	787.0
4245	831.0
4246	795.0
4247	780.0
4248	811.0
4249	813.0
4250	789.0
4251	819.0
4252	789.0
4253	789.0
4254	792.0
4255	791.0
4256	797.0
4257	821.0
4258	782.0
4259	818.0
4260	831.0
4261	776.0
4262	797.0
4263	772.0
4264	828.0
4265	781.0
4266	801.0
4267	819.0
4268	808.0
4269	788.0
4270	789.0
4271	817.0
4272	791.0
4273	789.0
4274	808.0
4275	790.0
4276	804.0
4277	815.0
4278	794.0
4279	802.0
4280	808.0
4281	804.0
4282	796.0
4283	801.0
4284	801.0
4285	771.0
4286	794.0
4287	824.0
4288	800.0
4289	803.0
4290	797.0
4291	773.0
4292	829.0
4293	796.0
4294	794.0
4295	781.0
4296	849.0
4297	771.0
4298	784.0
4299	820.0
4300	811.0
4301	792.0
4302	789.0
4303	790.0
4304	844.0
4305	771.0
4306	801.0
4307	794.0
4308	790.0
4309	840.0
4310	715.0
4311	848.0
4312	807.0
4313	793.0
4314	826.0
4315	814.0
4316	760.0
4317	831.0
4318	788.0
4319	806.0
4320	784.0
4321	800.0
4322	797.0
4323	803.0
4324	809.0
4325	807.0
4326	787.0
4327	804.0
4328	790.0
4329	793.0
4330	820.0
4331	772.0
4332	811.0
4333	807.0
4334	802.0
4335	800.0
4336	810.0
4337	790.0
4338	793.0
4339	805.0
4340	794.0
4341	802.0
4342	814.0
4343	790.0
4344	793.0
4345	824.0
4346	795.0
4347	774.0
4348	820.0
4349	786.0
4350	809.0
4351	802.0
4352	797.0
4353	805.0
4354	803.0
4355	800.0
4356	810.0
4357	774.0
4358	818.0
4359	802.0
4360	798.0
4361	801.0
4362	783.0
4363	827.0
4364	781.0
4365	800.0
4366	807.0
4367	801.0
4368	809.0
4369	790.0
4370	771.0
4371	823.0
4372	773.0
4373	825.0
4374	787.0
4375	803.0
4376	800.0
4377	814.0
4378	787.0
4379	834.0
4380	815.0
4381	772.0
4382	779.0
4383	827.0
4384	783.0
4385	807.0
4386	807.0
4387	795.0
4388	773.0
4389	816.0
4390	804.0
4391	788.0
4392	790.0
4393	822.0
4394	787.0
4395	802.0
4396	807.0
4397	793.0
4398	783.0
4399	821.0
4400	817.0
4401	803.0
4402	784.0
4403	803.0
4404	812.0
4405	795.0
4406	806.0
4407	789.0
4408	813.0
4409	807.0
4410	795.0
4411	787.0
4412	794.0
4413	812.0
4414	787.0
4415	790.0
4416	793.0
4417	822.0
4418	791.0
4419	807.0
4420	787.0
4421	809.0
4422	800.0
4423	808.0
4424	797.0
4425	800.0
4426	811.0
4427	808.0
4428	773.0
4429	799.0
4430	815.0
4431	792.0
4432	810.0
4433	792.0
4434	803.0
4435	797.0
4436	844.0
4437	760.0
4438	796.0
4439	779.0
4440	806.0
4441	819.0
4442	772.0
4443	820.0
4444	791.0
4445	831.0
4446	784.0
4447	797.0
4448	790.0
4449	796.0
4450	831.0
4451	788.0
4452	809.0
4453	805.0
4454	786.0
4455	800.0
4456	819.0
4457	785.0
4458	775.0
4459	799.0
4460	806.0
4461	760.0
4462	815.0
4463	826.0
4464	826.0
4465	800.0
4466	793.0
4467	795.0
4468	789.0
4469	782.0
4470	805.0
4471	793.0
4472	837.0
4473	782.0
4474	801.0
4475	810.0
4476	797.0
4477	800.0
4478	791.0
4479	805.0
4480	780.0
4481	799.0
4482	847.0
4483	767.0
4484	827.0
4485	770.0
4486	820.0
4487	785.0
4488	812.0
4489	791.0
4490	792.0
4491	789.0
4492	819.0
4493	812.0
4494	794.0
4495	817.0
4496	794.0
4497	797.0
4498	792.0
4499	802.0
