0	0.0
1	0.0
2	0.0
3	0.0
4	0.0
5	0.0
6	0.0
7	1.0
8	1.0
9	1.0
10	1.0
11	1.0
12	1.0
13	1.0
14	1.0
15	1.0
16	1.0
17	1.0
18	1.0
19	1.0
20	2.0
21	2.0
22	2.0
23	2.0
24	2.0
25	2.0
26	2.0
27	2.0
28	2.0
29	2.0
30	2.0
31	2.0
32	2.0
33	2.0
34	2.0
35	2.0
36	2.0
37	2.0
38	2.0
39	2.0
40	3.0
41	3.0
42	3.0
43	3.0
44	3.0
45	3.0
46	3.0
47	3.0
48	3.0
49	3.0
50	3.0
51	3.0
52	3.0
53	3.0
54	3.0
55	3.0
56	3.0
57	3.0
58	3.0
59	3.0
60	3.0
61	3.0
62	3.0
63	3.0
64	3.0
65	3.0
66	3.0
67	3.0
68	3.0
69	3.0
70	3.0
71	3.0
72	3.0
73	3.0
74	3.0
75	3.0
76	3.0
77	3.0
78	3.0
79	3.0
80	3.0
81	3.0
82	3.0
83	3.0
84	3.0
85	3.0
86	3.0
87	3.0
88	3.0
89	3.0
90	3.0
91	3.0
92	3.0
93	3.0
94	3.0
95	3.0
96	3.0
97	3.0
98	3.0
99	3.0
100	3.0
101	3.0
102	3.0
103	3.0
104	3.0
105	3.0
106	3.0
107	3.0
108	3.0
109	3.0
110	3.0
111	3.0
112	3.0
113	3.0
114	3.0
115	3.0
116	3.0
117	3.0
118	3.0
119	3.0
120	3.0
121	3.0
122	3.0
123	3.0
124	3.0
125	3.0
126	3.0
127	3.0
128	3.0
129	3.0
130	3.0
131	3.0
132	3.0
133	3.0
134	3.0
135	3.0
136	3.0
137	3.0
138	3.0
139	3.0
140	3.0
141	3.0
142	3.0
143	4.0
144	4.0
145	4.0
146	4.0
147	4.0
148	4.0
149	4.0
150	4.0
151	4.0
152	4.0
153	4.0
154	4.0
155	4.0
156	4.0
157	4.0
158	4.0
159	4.0
160	4.0
161	4.0
162	4.0
163	4.0
164	4.0
165	4.0
166	4.0
167	4.0
168	4.0
169	4.0
170	4.0
171	4.0
172	4.0
173	4.0
174	4.0
175	4.0
176	4.0
177	4.0
178	5.0
179	5.0
180	5.0
181	5.0
182	5.0
183	5.0
184	5.0
185	5.0
186	5.0
187	5.0
188	5.0
189	5.0
190	5.0
191	6.0
192	6.0
193	6.0
194	6.0
195	6.0
196	6.0
197	6.0
198	6.0
199	6.0
200	6.0
201	6.0
202	6.0
203	6.0
204	6.0
205	6.0
206	6.0
207	6.0
208	6.0
209	6.0
210	6.0
211	6.0
212	6.0
213	6.0
214	6.0
215	6.0
216	6.0
217	6.0
218	6.0
219	6.0
220	6.0
221	6.0
222	6.0
223	6.0
224	6.0
225	6.0
226	6.0
227	6.0
228	6.0
229	6.0
230	6.0
231	7.0
232	7.0
233	7.0
234	7.0
235	7.0
236	7.0
237	7.0
238	7.0
239	7.0
240	7.0
241	7.0
242	7.0
243	7.0
244	7.0
245	7.0
246	7.0
247	7.0
248	8.0
249	8.0
250	8.0
251	8.0
252	8.0
253	8.0
254	8.0
255	8.0
256	8.0
257	8.0
258	8.0
259	8.0
260	8.0
261	8.0
262	8.0
263	8.0
264	8.0
265	8.0
266	9.0
267	9.0
268	9.0
269	9.0
270	9.0
271	9.0
272	9.0
273	9.0
274	9.0
275	9.0
276	9.0
277	9.0
278	9.0
279	9.0
280	9.0
281	9.0
282	9.0
283	9.0
284	9.0
285	9.0
286	9.0
287	9.0
288	9.0
289	9.0
290	9.0
291	9.0
292	9.0
293	9.0
294	9.0
295	9.0
296	9.0
297	9.0
298	9.0
299	9.0
300	9.0
301	9.0
302	9.0
303	9.0
304	9.0
305	9.0
306	9.0
307	9.0
308	9.0
309	9.0
310	9.0
311	9.0
312	9.0
313	9.0
314	9.0
315	9.0
316	9.0
317	9.0
318	9.0
319	9.0
320	9.0
321	9.0
322	9.0
323	9.0
324	9.0
325	9.0
326	9.0
327	9.0
328	9.0
329	9.0
330	9.0
331	9.0
332	9.0
333	9.0
334	9.0
335	9.0
336	9.0
337	9.0
338	9.0
339	9.0
340	9.0
341	9.0
342	9.0
343	9.0
344	9.0
345	9.0
346	9.0
347	9.0
348	9.0
349	9.0
350	9.0
351	9.0
352	9.0
353	9.0
354	9.0
355	9.0
356	9.0
357	9.0
358	9.0
359	9.0
360	9.0
361	9.0
362	9.0
363	9.0
364	10.0
365	10.0
366	10.0
367	10.0
368	10.0
369	10.0
370	10.0
371	10.0
372	10.0
373	10.0
374	10.0
375	10.0
376	10.0
377	10.0
378	10.0
379	10.0
380	10.0
381	10.0
382	10.0
383	10.0
384	10.0
385	10.0
386	10.0
387	10.0
388	10.0
389	10.0
390	10.0
391	10.0
392	10.0
393	10.0
394	10.0
395	10.0
396	10.0
397	10.0
398	10.0
399	10.0
400	10.0
401	10.0
402	10.0
403	10.0
404	10.0
405	10.0
406	10.0
407	10.0
408	10.0
409	10.0
410	10.0
411	10.0
412	10.0
413	10.0
414	10.0
415	10.0
416	10.0
417	10.0
418	10.0
419	10.0
420	10.0
421	10.0
422	10.0
423	11.0
424	11.0
425	11.0
426	11.0
427	11.0
428	11.0
429	11.0
430	11.0
431	11.0
432	11.0
433	11.0
434	11.0
435	11.0
436	11.0
437	11.0
438	11.0
439	11.0
440	11.0
441	11.0
442	11.0
443	11.0
444	11.0
445	11.0
446	11.0
447	11.0
448	11.0
449	11.0
450	11.0
451	11.0
452	11.0
453	11.0
454	11.0
455	11.0
456	11.0
457	11.0
458	11.0
459	11.0
460	11.0
461	11.0
462	11.0
463	11.0
464	11.0
465	11.0
466	11.0
467	11.0
468	11.0
469	11.0
470	11.0
471	11.0
472	11.0
473	11.0
474	11.0
475	11.0
476	11.0
477	11.0
478	11.0
479	11.0
480	11.0
481	11.0
482	11.0
483	11.0
484	11.0
485	12.0
486	12.0
487	12.0
488	12.0
489	12.0
490	12.0
491	12.0
492	12.0
493	12.0
494	12.0
495	12.0
496	12.0
497	12.0
498	12.0
499	12.0
500	12.0
501	12.0
502	13.0
503	13.0
504	13.0
505	13.0
506	13.0
507	14.0
508	14.0
509	14.0
510	14.0
511	14.0
512	14.0
513	14.0
514	14.0
515	14.0
516	14.0
517	14.0
518	14.0
519	14.0
520	14.0
521	14.0
522	14.0
523	14.0
524	14.0
525	14.0
526	14.0
527	14.0
528	14.0
529	14.0
530	14.0
531	14.0
532	14.0
533	14.0
534	14.0
535	14.0
536	14.0
537	14.0
538	14.0
539	14.0
540	14.0
541	14.0
542	14.0
543	14.0
544	14.0
545	14.0
546	14.0
547	14.0
548	14.0
549	14.0
550	14.0
551	14.0
552	14.0
553	14.0
554	14.0
555	14.0
556	14.0
557	14.0
558	14.0
559	14.0
560	14.0
561	14.0
562	14.0
563	14.0
564	14.0
565	14.0
566	14.0
567	14.0
568	14.0
569	14.0
570	14.0
571	14.0
572	14.0
573	14.0
574	14.0
575	14.0
576	14.0
577	14.0
578	14.0
579	14.0
580	14.0
581	14.0
582	14.0
583	14.0
584	14.0
585	14.0
586	14.0
587	14.0
588	14.0
589	14.0
590	14.0
591	14.0
592	14.0
593	14.0
594	14.0
595	14.0
596	14.0
597	14.0
598	14.0
599	14.0
600	14.0
601	14.0
602	14.0
603	14.0
604	14.0
605	14.0
606	14.0
607	14.0
608	14.0
609	14.0
610	14.0
611	14.0
612	14.0
613	14.0
614	14.0
615	14.0
616	14.0
617	14.0
618	14.0
619	14.0
620	14.0
621	14.0
622	14.0
623	14.0
624	14.0
625	14.0
626	14.0
627	14.0
628	14.0
629	14.0
630	14.0
631	14.0
632	14.0
633	14.0
634	14.0
635	14.0
636	14.0
637	14.0
638	14.0
639	14.0
640	14.0
641	14.0
642	14.0
643	14.0
644	14.0
645	14.0
646	14.0
647	14.0
648	14.0
649	15.0
650	15.0
651	15.0
652	15.0
653	15.0
654	15.0
655	15.0
656	15.0
657	15.0
658	15.0
659	15.0
660	15.0
661	15.0
662	15.0
663	15.0
664	15.0
665	15.0
666	15.0
667	15.0
668	15.0
669	15.0
670	15.0
671	16.0
672	16.0
673	16.0
674	16.0
675	16.0
676	16.0
677	16.0
678	16.0
679	17.0
680	17.0
681	17.0
682	17.0
683	17.0
684	17.0
685	17.0
686	17.0
687	17.0
688	17.0
689	17.0
690	17.0
691	17.0
692	17.0
693	17.0
694	17.0
695	17.0
696	17.0
697	17.0
698	17.0
699	17.0
700	17.0
701	17.0
702	17.0
703	17.0
704	17.0
705	17.0
706	17.0
707	17.0
708	17.0
709	17.0
710	17.0
711	17.0
712	17.0
713	17.0
714	17.0
715	17.0
716	17.0
717	17.0
718	17.0
719	17.0
720	17.0
721	17.0
722	17.0
723	17.0
724	17.0
725	17.0
726	17.0
727	17.0
728	17.0
729	19.0
730	19.0
731	19.0
732	19.0
733	19.0
734	19.0
735	19.0
736	19.0
737	19.0
738	19.0
739	19.0
740	19.0
741	19.0
742	19.0
743	19.0
744	19.0
745	19.0
746	19.0
747	19.0
748	19.0
749	19.0
750	19.0
751	19.0
752	19.0
753	19.0
754	19.0
755	19.0
756	19.0
757	19.0
758	19.0
759	19.0
760	19.0
761	19.0
762	19.0
763	19.0
764	19.0
765	19.0
766	19.0
767	19.0
768	19.0
769	19.0
770	19.0
771	19.0
772	19.0
773	19.0
774	19.0
775	19.0
776	19.0
777	19.0
778	19.0
779	19.0
780	19.0
781	19.0
782	19.0
783	19.0
784	19.0
785	19.0
786	19.0
787	19.0
788	19.0
789	19.0
790	19.0
791	20.0
792	20.0
793	20.0
794	20.0
795	20.0
796	20.0
797	20.0
798	20.0
799	20.0
800	20.0
801	20.0
802	20.0
803	20.0
804	20.0
805	20.0
806	20.0
807	20.0
808	20.0
809	20.0
810	20.0
811	20.0
812	20.0
813	20.0
814	20.0
815	20.0
816	20.0
817	20.0
818	21.0
819	21.0
820	21.0
821	21.0
822	21.0
823	21.0
824	21.0
825	21.0
826	21.0
827	21.0
828	21.0
829	21.0
830	21.0
831	21.0
832	21.0
833	21.0
834	21.0
835	21.0
836	21.0
837	21.0
838	21.0
839	21.0
840	21.0
841	21.0
842	21.0
843	21.0
844	21.0
845	21.0
846	21.0
847	21.0
848	21.0
849	21.0
850	21.0
851	21.0
852	21.0
853	21.0
854	21.0
855	21.0
856	21.0
857	21.0
858	21.0
859	21.0
860	21.0
861	21.0
862	21.0
863	21.0
864	21.0
865	21.0
866	22.0
867	22.0
868	22.0
869	22.0
870	22.0
871	22.0
872	22.0
873	22.0
874	22.0
875	22.0
876	22.0
877	22.0
878	22.0
879	22.0
880	22.0
881	22.0
882	22.0
883	22.0
884	22.0
885	23.0
886	23.0
887	23.0
888	23.0
889	23.0
890	23.0
891	23.0
892	23.0
893	23.0
894	23.0
895	23.0
896	23.0
897	23.0
898	23.0
899	23.0
900	23.0
901	23.0
902	23.0
903	23.0
904	23.0
905	23.0
906	23.0
907	23.0
908	24.0
909	24.0
910	24.0
911	24.0
912	24.0
913	24.0
914	24.0
915	24.0
916	24.0
917	24.0
918	25.0
919	25.0
920	25.0
921	25.0
922	25.0
923	25.0
924	25.0
925	25.0
926	25.0
927	25.0
928	25.0
929	25.0
930	25.0
931	25.0
932	25.0
933	25.0
934	25.0
935	25.0
936	25.0
937	25.0
938	25.0
939	25.0
940	25.0
941	25.0
942	25.0
943	25.0
944	25.0
945	25.0
946	25.0
947	25.0
948	25.0
949	25.0
950	25.0
951	25.0
952	25.0
953	25.0
954	25.0
955	25.0
956	25.0
957	26.0
958	26.0
959	26.0
960	26.0
961	26.0
962	26.0
963	26.0
964	26.0
965	26.0
966	26.0
967	26.0
968	26.0
969	26.0
970	26.0
971	26.0
972	26.0
973	26.0
974	27.0
975	27.0
976	27.0
977	27.0
978	27.0
979	27.0
980	27.0
981	27.0
982	27.0
983	27.0
984	27.0
985	27.0
986	27.0
987	27.0
988	27.0
989	27.0
990	27.0
991	27.0
992	27.0
993	27.0
994	27.0
995	27.0
996	27.0
997	27.0
998	28.0
999	28.0
1000	28.0
1001	28.0
1002	28.0
1003	28.0
1004	28.0
1005	28.0
1006	28.0
1007	28.0
1008	28.0
1009	28.0
1010	28.0
1011	28.0
1012	28.0
1013	28.0
1014	28.0
1015	28.0
1016	28.0
1017	28.0
1018	28.0
1019	28.0
1020	29.0
1021	29.0
1022	29.0
1023	29.0
1024	29.0
1025	29.0
1026	29.0
1027	29.0
1028	29.0
1029	29.0
1030	29.0
1031	29.0
1032	29.0
1033	29.0
1034	29.0
1035	29.0
1036	29.0
1037	29.0
1038	29.0
1039	29.0
1040	29.0
1041	29.0
1042	29.0
1043	29.0
1044	29.0
1045	29.0
1046	29.0
1047	30.0
1048	30.0
1049	30.0
1050	30.0
1051	30.0
1052	30.0
1053	30.0
1054	30.0
1055	30.0
1056	30.0
1057	30.0
1058	30.0
1059	30.0
1060	30.0
1061	30.0
1062	30.0
1063	30.0
1064	30.0
1065	30.0
1066	30.0
1067	30.0
1068	30.0
1069	30.0
1070	30.0
1071	30.0
1072	30.0
1073	30.0
1074	30.0
1075	30.0
1076	30.0
1077	30.0
1078	30.0
1079	30.0
1080	30.0
1081	30.0
1082	30.0
1083	30.0
1084	30.0
1085	30.0
1086	30.0
1087	30.0
1088	30.0
1089	30.0
1090	31.0
1091	31.0
1092	31.0
1093	31.0
1094	31.0
1095	31.0
1096	31.0
1097	31.0
1098	31.0
1099	31.0
1100	31.0
1101	31.0
1102	31.0
1103	31.0
1104	31.0
1105	31.0
1106	31.0
1107	31.0
1108	31.0
1109	31.0
1110	31.0
1111	31.0
1112	31.0
1113	31.0
1114	31.0
1115	31.0
1116	31.0
1117	31.0
1118	31.0
1119	31.0
1120	31.0
1121	31.0
1122	31.0
1123	31.0
1124	31.0
1125	32.0
1126	32.0
1127	32.0
1128	32.0
1129	32.0
1130	32.0
1131	32.0
1132	32.0
1133	32.0
1134	32.0
1135	32.0
1136	32.0
1137	32.0
1138	32.0
1139	32.0
1140	32.0
1141	32.0
1142	32.0
1143	32.0
1144	32.0
1145	32.0
1146	32.0
1147	32.0
1148	32.0
1149	32.0
1150	32.0
1151	32.0
1152	32.0
1153	32.0
1154	32.0
1155	32.0
1156	32.0
1157	32.0
1158	32.0
1159	32.0
1160	32.0
1161	32.0
1162	32.0
1163	32.0
1164	32.0
1165	32.0
1166	32.0
1167	32.0
1168	32.0
1169	32.0
1170	32.0
1171	32.0
1172	32.0
1173	32.0
1174	32.0
1175	32.0
1176	32.0
1177	32.0
1178	32.0
1179	32.0
1180	32.0
1181	32.0
1182	32.0
1183	32.0
1184	32.0
1185	32.0
1186	33.0
1187	33.0
1188	33.0
1189	33.0
1190	33.0
1191	33.0
1192	33.0
1193	34.0
1194	34.0
1195	34.0
1196	34.0
1197	34.0
1198	34.0
1199	34.0
1200	34.0
1201	34.0
1202	34.0
1203	34.0
1204	34.0
1205	34.0
1206	34.0
1207	34.0
1208	34.0
1209	34.0
1210	34.0
1211	34.0
1212	34.0
1213	34.0
1214	34.0
1215	34.0
1216	34.0
1217	34.0
1218	34.0
1219	34.0
1220	34.0
1221	34.0
1222	34.0
1223	34.0
1224	34.0
1225	34.0
1226	34.0
1227	34.0
1228	34.0
1229	34.0
1230	34.0
1231	34.0
1232	34.0
1233	34.0
1234	34.0
1235	34.0
1236	34.0
1237	34.0
1238	34.0
1239	34.0
1240	34.0
1241	34.0
1242	34.0
1243	34.0
1244	34.0
1245	34.0
1246	34.0
1247	34.0
1248	34.0
1249	34.0
1250	34.0
1251	34.0
1252	34.0
1253	34.0
1254	34.0
1255	34.0
1256	34.0
1257	34.0
1258	34.0
1259	34.0
1260	34.0
1261	34.0
1262	34.0
1263	34.0
1264	35.0
1265	35.0
1266	36.0
1267	36.0
1268	36.0
1269	36.0
1270	36.0
1271	36.0
1272	36.0
1273	36.0
1274	36.0
1275	36.0
1276	36.0
1277	36.0
1278	36.0
1279	36.0
1280	36.0
1281	36.0
1282	36.0
1283	36.0
1284	36.0
1285	36.0
1286	36.0
1287	36.0
1288	36.0
1289	36.0
1290	36.0
1291	36.0
1292	36.0
1293	36.0
1294	36.0
1295	36.0
1296	36.0
1297	36.0
1298	36.0
1299	36.0
1300	36.0
1301	36.0
1302	36.0
1303	36.0
1304	36.0
1305	36.0
1306	36.0
1307	36.0
1308	36.0
1309	36.0
1310	36.0
1311	36.0
1312	36.0
1313	36.0
1314	36.0
1315	36.0
1316	36.0
1317	36.0
1318	36.0
1319	36.0
1320	36.0
1321	36.0
1322	36.0
1323	36.0
1324	36.0
1325	36.0
1326	36.0
1327	36.0
1328	36.0
1329	36.0
1330	36.0
1331	36.0
1332	36.0
1333	37.0
1334	37.0
1335	37.0
1336	37.0
1337	38.0
1338	38.0
1339	38.0
1340	38.0
1341	38.0
1342	38.0
1343	38.0
1344	38.0
1345	38.0
1346	38.0
1347	38.0
1348	38.0
1349	38.0
1350	38.0
1351	38.0
1352	38.0
1353	38.0
1354	39.0
1355	39.0
1356	39.0
1357	39.0
1358	39.0
1359	39.0
1360	39.0
1361	39.0
1362	39.0
1363	39.0
1364	39.0
1365	39.0
1366	39.0
1367	39.0
1368	39.0
1369	39.0
1370	39.0
1371	40.0
1372	40.0
1373	40.0
1374	40.0
1375	40.0
1376	40.0
1377	40.0
1378	40.0
1379	40.0
1380	40.0
1381	40.0
1382	40.0
1383	40.0
1384	40.0
1385	40.0
1386	40.0
1387	40.0
1388	40.0
1389	40.0
1390	40.0
1391	40.0
1392	40.0
1393	40.0
1394	40.0
1395	40.0
1396	40.0
1397	40.0
1398	40.0
1399	40.0
1400	40.0
1401	40.0
1402	40.0
1403	41.0
1404	41.0
1405	41.0
1406	41.0
1407	41.0
1408	41.0
1409	41.0
1410	41.0
1411	41.0
1412	41.0
1413	41.0
1414	41.0
1415	41.0
1416	41.0
1417	41.0
1418	41.0
1419	41.0
1420	41.0
1421	41.0
1422	41.0
1423	41.0
1424	41.0
1425	41.0
1426	41.0
1427	41.0
1428	41.0
1429	41.0
1430	41.0
1431	41.0
1432	41.0
1433	41.0
1434	42.0
1435	42.0
1436	42.0
1437	42.0
1438	42.0
1439	42.0
1440	42.0
1441	42.0
1442	42.0
1443	42.0
1444	42.0
1445	42.0
1446	42.0
1447	42.0
1448	42.0
1449	42.0
1450	42.0
1451	42.0
1452	42.0
1453	42.0
1454	42.0
1455	42.0
1456	42.0
1457	42.0
1458	42.0
1459	42.0
1460	42.0
1461	42.0
1462	42.0
1463	42.0
1464	42.0
1465	42.0
1466	42.0
1467	42.0
1468	42.0
1469	42.0
1470	42.0
1471	42.0
1472	42.0
1473	42.0
1474	42.0
1475	42.0
1476	42.0
1477	42.0
1478	42.0
1479	42.0
1480	42.0
1481	42.0
1482	42.0
1483	42.0
1484	42.0
1485	42.0
1486	42.0
1487	42.0
1488	42.0
1489	42.0
1490	42.0
1491	42.0
1492	42.0
1493	42.0
1494	43.0
1495	43.0
1496	43.0
1497	43.0
1498	43.0
1499	43.0
1500	43.0
1501	43.0
1502	43.0
1503	43.0
1504	44.0
1505	44.0
1506	44.0
1507	45.0
1508	45.0
1509	45.0
1510	45.0
1511	45.0
1512	45.0
1513	45.0
1514	45.0
1515	45.0
1516	45.0
1517	45.0
1518	45.0
1519	45.0
1520	45.0
1521	45.0
1522	45.0
1523	45.0
1524	45.0
1525	45.0
1526	45.0
1527	45.0
1528	45.0
1529	45.0
1530	45.0
1531	45.0
1532	45.0
1533	45.0
1534	45.0
1535	45.0
1536	45.0
1537	45.0
1538	45.0
1539	45.0
1540	46.0
1541	46.0
1542	46.0
1543	46.0
1544	46.0
1545	46.0
1546	46.0
1547	46.0
1548	46.0
1549	46.0
1550	46.0
1551	47.0
1552	47.0
1553	47.0
1554	47.0
1555	47.0
1556	47.0
1557	47.0
1558	47.0
1559	47.0
1560	47.0
1561	47.0
1562	47.0
1563	47.0
1564	47.0
1565	47.0
1566	47.0
1567	47.0
1568	47.0
1569	47.0
1570	47.0
1571	47.0
1572	47.0
1573	47.0
1574	47.0
1575	47.0
1576	47.0
1577	47.0
1578	47.0
1579	47.0
1580	47.0
1581	47.0
1582	47.0
1583	48.0
1584	48.0
1585	48.0
1586	48.0
1587	48.0
1588	48.0
1589	48.0
1590	48.0
1591	48.0
1592	48.0
1593	48.0
1594	48.0
1595	49.0
1596	49.0
1597	49.0
1598	49.0
1599	49.0
1600	49.0
1601	49.0
1602	49.0
1603	49.0
1604	49.0
1605	49.0
1606	49.0
1607	49.0
1608	49.0
1609	49.0
1610	49.0
1611	49.0
1612	49.0
1613	49.0
1614	49.0
1615	49.0
1616	49.0
1617	49.0
1618	49.0
1619	49.0
1620	49.0
1621	49.0
1622	49.0
1623	49.0
1624	49.0
1625	49.0
1626	49.0
1627	49.0
1628	49.0
1629	49.0
1630	49.0
1631	49.0
1632	49.0
1633	49.0
1634	49.0
1635	49.0
1636	49.0
1637	49.0
1638	49.0
1639	49.0
1640	49.0
1641	49.0
1642	49.0
1643	49.0
1644	49.0
1645	49.0
1646	49.0
1647	49.0
1648	49.0
1649	49.0
1650	49.0
1651	49.0
1652	49.0
1653	49.0
1654	49.0
1655	49.0
1656	49.0
1657	49.0
1658	49.0
1659	49.0
1660	49.0
1661	49.0
1662	49.0
1663	49.0
1664	49.0
1665	49.0
1666	49.0
1667	49.0
1668	49.0
1669	49.0
1670	49.0
1671	49.0
1672	49.0
1673	49.0
1674	49.0
1675	49.0
1676	49.0
1677	49.0
1678	49.0
1679	49.0
1680	49.0
1681	49.0
1682	49.0
1683	49.0
1684	49.0
1685	49.0
1686	49.0
1687	49.0
1688	49.0
1689	49.0
1690	49.0
1691	49.0
1692	49.0
1693	49.0
1694	50.0
1695	50.0
1696	50.0
1697	50.0
1698	50.0
1699	50.0
1700	50.0
1701	50.0
1702	50.0
1703	50.0
1704	50.0
1705	50.0
1706	50.0
1707	50.0
1708	50.0
1709	50.0
1710	50.0
1711	50.0
1712	50.0
1713	50.0
1714	50.0
1715	50.0
1716	50.0
1717	50.0
1718	50.0
1719	50.0
1720	50.0
1721	50.0
1722	50.0
1723	50.0
1724	51.0
1725	51.0
1726	51.0
1727	51.0
1728	51.0
1729	51.0
1730	51.0
1731	51.0
1732	51.0
1733	51.0
1734	51.0
1735	51.0
1736	52.0
1737	52.0
1738	52.0
1739	52.0
1740	52.0
1741	52.0
1742	52.0
1743	52.0
1744	52.0
1745	52.0
1746	52.0
1747	53.0
1748	53.0
1749	53.0
1750	53.0
1751	53.0
1752	53.0
1753	53.0
1754	53.0
1755	53.0
1756	53.0
1757	53.0
1758	53.0
1759	53.0
1760	53.0
1761	53.0
1762	53.0
1763	53.0
1764	53.0
1765	53.0
1766	53.0
1767	53.0
1768	53.0
1769	54.0
1770	54.0
1771	54.0
1772	55.0
1773	55.0
1774	55.0
1775	55.0
1776	55.0
1777	55.0
1778	55.0
1779	55.0
1780	55.0
1781	55.0
1782	55.0
1783	55.0
1784	55.0
1785	55.0
1786	55.0
1787	55.0
1788	55.0
1789	55.0
1790	55.0
1791	55.0
1792	55.0
1793	55.0
1794	55.0
1795	55.0
1796	55.0
1797	55.0
1798	55.0
1799	55.0
1800	55.0
1801	55.0
1802	56.0
1803	56.0
1804	56.0
1805	56.0
1806	56.0
1807	56.0
1808	56.0
1809	56.0
1810	56.0
1811	56.0
1812	56.0
1813	56.0
1814	56.0
1815	56.0
1816	56.0
1817	56.0
1818	56.0
1819	56.0
1820	56.0
1821	56.0
1822	56.0
1823	56.0
1824	56.0
1825	56.0
1826	56.0
1827	56.0
1828	56.0
1829	57.0
1830	57.0
1831	57.0
1832	57.0
1833	57.0
1834	57.0
1835	57.0
1836	57.0
1837	57.0
1838	57.0
1839	57.0
1840	57.0
1841	57.0
1842	57.0
1843	57.0
1844	57.0
1845	57.0
1846	57.0
1847	57.0
1848	57.0
1849	57.0
1850	57.0
1851	57.0
1852	57.0
1853	57.0
1854	57.0
1855	57.0
1856	57.0
1857	57.0
1858	57.0
1859	57.0
1860	57.0
1861	57.0
1862	57.0
1863	57.0
1864	57.0
1865	57.0
1866	57.0
1867	57.0
1868	57.0
1869	57.0
1870	57.0
1871	57.0
1872	57.0
1873	57.0
1874	57.0
1875	57.0
1876	57.0
1877	57.0
1878	57.0
1879	57.0
1880	57.0
1881	57.0
1882	57.0
1883	57.0
1884	57.0
1885	57.0
1886	57.0
1887	57.0
1888	57.0
1889	57.0
1890	57.0
1891	57.0
1892	57.0
1893	57.0
1894	57.0
1895	57.0
1896	57.0
1897	57.0
1898	57.0
1899	57.0
1900	57.0
1901	57.0
1902	57.0
1903	57.0
1904	57.0
1905	57.0
1906	57.0
1907	57.0
1908	57.0
1909	57.0
1910	57.0
1911	57.0
1912	57.0
1913	57.0
1914	57.0
1915	57.0
1916	57.0
1917	57.0
1918	57.0
1919	57.0
1920	57.0
1921	58.0
1922	58.0
1923	58.0
1924	58.0
1925	59.0
1926	59.0
1927	59.0
1928	59.0
1929	59.0
1930	59.0
1931	59.0
1932	59.0
1933	59.0
1934	59.0
1935	59.0
1936	59.0
1937	59.0
1938	59.0
1939	60.0
1940	60.0
1941	60.0
1942	60.0
1943	60.0
1944	60.0
1945	60.0
1946	60.0
1947	60.0
1948	60.0
1949	60.0
1950	60.0
1951	60.0
1952	60.0
1953	60.0
1954	60.0
1955	60.0
1956	60.0
1957	60.0
1958	61.0
1959	61.0
1960	61.0
1961	61.0
1962	61.0
1963	61.0
1964	61.0
1965	61.0
1966	61.0
1967	61.0
1968	61.0
1969	61.0
1970	61.0
1971	61.0
1972	61.0
1973	61.0
1974	61.0
1975	61.0
1976	61.0
1977	61.0
1978	61.0
1979	61.0
1980	61.0
1981	61.0
1982	61.0
1983	61.0
1984	61.0
1985	61.0
1986	61.0
1987	61.0
1988	61.0
1989	61.0
1990	61.0
1991	61.0
1992	61.0
1993	61.0
1994	61.0
1995	61.0
1996	61.0
1997	61.0
1998	61.0
1999	61.0
2000	61.0
2001	61.0
2002	61.0
2003	61.0
2004	61.0
2005	61.0
2006	61.0
2007	61.0
2008	61.0
2009	61.0
2010	61.0
2011	61.0
2012	61.0
2013	61.0
2014	61.0
2015	61.0
2016	62.0
2017	62.0
2018	62.0
2019	62.0
2020	62.0
2021	62.0
2022	62.0
2023	62.0
2024	63.0
2025	63.0
2026	63.0
2027	63.0
2028	63.0
2029	63.0
2030	63.0
2031	63.0
2032	63.0
2033	63.0
2034	63.0
2035	63.0
2036	63.0
2037	63.0
2038	63.0
2039	63.0
2040	63.0
2041	63.0
2042	63.0
2043	63.0
2044	63.0
2045	63.0
2046	63.0
2047	63.0
2048	63.0
2049	63.0
2050	64.0
2051	64.0
2052	64.0
2053	64.0
2054	64.0
2055	64.0
2056	64.0
2057	64.0
2058	64.0
2059	64.0
2060	64.0
2061	64.0
2062	64.0
2063	64.0
2064	64.0
2065	64.0
2066	64.0
2067	64.0
2068	64.0
2069	64.0
2070	64.0
2071	64.0
2072	64.0
2073	65.0
2074	65.0
2075	65.0
2076	65.0
2077	65.0
2078	65.0
2079	65.0
2080	65.0
2081	65.0
2082	65.0
2083	65.0
2084	65.0
2085	65.0
2086	65.0
2087	65.0
2088	65.0
2089	65.0
2090	65.0
2091	65.0
2092	65.0
2093	65.0
2094	65.0
2095	65.0
2096	65.0
2097	65.0
2098	65.0
2099	65.0
2100	65.0
2101	65.0
2102	65.0
2103	65.0
2104	65.0
2105	65.0
2106	66.0
2107	66.0
2108	66.0
2109	66.0
2110	66.0
2111	66.0
2112	66.0
2113	66.0
2114	66.0
2115	66.0
2116	66.0
2117	66.0
2118	66.0
2119	66.0
2120	66.0
2121	66.0
2122	66.0
2123	66.0
2124	66.0
2125	66.0
2126	66.0
2127	66.0
2128	66.0
2129	66.0
2130	66.0
2131	66.0
2132	66.0
2133	67.0
2134	67.0
2135	67.0
2136	67.0
2137	67.0
2138	67.0
2139	67.0
2140	67.0
2141	67.0
2142	67.0
2143	68.0
2144	68.0
2145	68.0
2146	68.0
2147	68.0
2148	68.0
2149	68.0
2150	68.0
2151	68.0
2152	68.0
2153	68.0
2154	68.0
2155	68.0
2156	68.0
2157	69.0
2158	69.0
2159	69.0
2160	69.0
2161	69.0
2162	69.0
2163	69.0
2164	69.0
2165	69.0
2166	69.0
2167	69.0
2168	69.0
2169	69.0
2170	69.0
2171	69.0
2172	69.0
2173	69.0
2174	69.0
2175	69.0
2176	69.0
2177	69.0
2178	69.0
2179	69.0
2180	69.0
2181	69.0
2182	69.0
2183	69.0
2184	69.0
2185	69.0
2186	69.0
2187	69.0
2188	69.0
2189	69.0
2190	69.0
2191	69.0
2192	69.0
2193	69.0
2194	69.0
2195	69.0
2196	69.0
2197	69.0
2198	69.0
2199	69.0
2200	69.0
2201	69.0
2202	69.0
2203	69.0
2204	69.0
2205	69.0
2206	69.0
2207	69.0
2208	69.0
2209	69.0
2210	69.0
2211	69.0
2212	69.0
2213	69.0
2214	69.0
2215	69.0
2216	69.0
2217	69.0
2218	69.0
2219	69.0
2220	69.0
2221	69.0
2222	69.0
2223	69.0
2224	69.0
2225	69.0
2226	69.0
2227	69.0
2228	69.0
2229	69.0
2230	69.0
2231	69.0
2232	69.0
2233	69.0
2234	69.0
2235	69.0
2236	69.0
2237	69.0
2238	69.0
2239	69.0
2240	69.0
2241	69.0
2242	69.0
2243	69.0
2244	69.0
2245	69.0
2246	69.0
2247	70.0
2248	70.0
2249	70.0
2250	70.0
2251	70.0
2252	70.0
2253	70.0
2254	70.0
2255	70.0
2256	71.0
2257	71.0
2258	71.0
2259	71.0
2260	71.0
2261	71.0
2262	71.0
2263	71.0
2264	71.0
2265	71.0
2266	71.0
2267	71.0
2268	71.0
2269	71.0
2270	71.0
2271	71.0
2272	71.0
2273	71.0
2274	71.0
2275	71.0
2276	71.0
2277	71.0
2278	71.0
2279	72.0
2280	72.0
2281	72.0
2282	72.0
2283	72.0
2284	72.0
2285	72.0
2286	72.0
2287	72.0
2288	72.0
2289	72.0
2290	72.0
2291	72.0
2292	72.0
2293	72.0
2294	72.0
2295	72.0
2296	72.0
2297	72.0
2298	72.0
2299	72.0
2300	72.0
2301	72.0
2302	72.0
2303	72.0
2304	72.0
2305	72.0
2306	72.0
2307	72.0
2308	72.0
2309	72.0
2310	72.0
2311	73.0
2312	73.0
2313	73.0
2314	73.0
2315	73.0
2316	73.0
2317	73.0
2318	73.0
2319	74.0
2320	74.0
2321	74.0
2322	74.0
2323	74.0
2324	75.0
2325	75.0
2326	75.0
2327	75.0
2328	75.0
2329	75.0
2330	75.0
2331	75.0
2332	75.0
2333	75.0
2334	76.0
2335	76.0
2336	76.0
2337	76.0
2338	76.0
2339	76.0
2340	76.0
2341	76.0
2342	76.0
2343	76.0
2344	76.0
2345	76.0
2346	76.0
2347	76.0
2348	76.0
2349	76.0
2350	76.0
2351	76.0
2352	76.0
2353	76.0
2354	76.0
2355	76.0
2356	76.0
2357	76.0
2358	76.0
2359	76.0
2360	76.0
2361	76.0
2362	76.0
2363	76.0
2364	76.0
2365	76.0
2366	76.0
2367	76.0
2368	76.0
2369	76.0
2370	76.0
2371	76.0
2372	76.0
2373	76.0
2374	76.0
2375	76.0
2376	76.0
2377	76.0
2378	76.0
2379	76.0
2380	76.0
2381	76.0
2382	76.0
2383	76.0
2384	76.0
2385	76.0
2386	76.0
2387	76.0
2388	76.0
2389	76.0
2390	76.0
2391	76.0
2392	76.0
2393	76.0
2394	76.0
2395	76.0
2396	76.0
2397	76.0
2398	77.0
2399	77.0
2400	77.0
2401	77.0
2402	77.0
2403	77.0
2404	77.0
2405	77.0
2406	77.0
2407	77.0
2408	77.0
2409	77.0
2410	77.0
2411	77.0
2412	77.0
2413	77.0
2414	77.0
2415	77.0
2416	77.0
2417	77.0
2418	77.0
2419	77.0
2420	77.0
2421	77.0
2422	77.0
2423	77.0
2424	77.0
2425	77.0
2426	77.0
2427	77.0
2428	77.0
2429	77.0
2430	77.0
2431	77.0
2432	77.0
2433	77.0
2434	77.0
2435	77.0
2436	77.0
2437	77.0
2438	77.0
2439	77.0
2440	77.0
2441	77.0
2442	77.0
2443	77.0
2444	77.0
2445	77.0
2446	77.0
2447	77.0
2448	77.0
2449	77.0
2450	77.0
2451	77.0
2452	77.0
2453	77.0
2454	77.0
2455	77.0
2456	77.0
2457	77.0
2458	77.0
2459	77.0
2460	77.0
2461	77.0
2462	77.0
2463	77.0
2464	77.0
2465	77.0
2466	77.0
2467	77.0
2468	77.0
2469	77.0
2470	77.0
2471	77.0
2472	77.0
2473	77.0
2474	77.0
2475	77.0
2476	77.0
2477	77.0
2478	77.0
2479	77.0
2480	78.0
2481	78.0
2482	78.0
2483	78.0
2484	78.0
2485	78.0
2486	78.0
2487	78.0
2488	78.0
2489	78.0
2490	78.0
2491	78.0
2492	78.0
2493	78.0
2494	78.0
2495	78.0
2496	78.0
2497	78.0
2498	78.0
2499	78.0
2500	78.0
2501	78.0
2502	78.0
2503	78.0
2504	78.0
2505	78.0
2506	78.0
2507	78.0
2508	78.0
2509	78.0
2510	78.0
2511	78.0
2512	78.0
2513	78.0
2514	78.0
2515	78.0
2516	78.0
2517	78.0
2518	78.0
2519	78.0
2520	78.0
2521	78.0
2522	78.0
2523	78.0
2524	78.0
2525	78.0
2526	78.0
2527	78.0
2528	78.0
2529	78.0
2530	78.0
2531	78.0
2532	78.0
2533	78.0
2534	78.0
2535	78.0
2536	78.0
2537	78.0
2538	78.0
2539	78.0
2540	78.0
2541	78.0
2542	78.0
2543	78.0
2544	78.0
2545	78.0
2546	78.0
2547	78.0
2548	78.0
2549	78.0
2550	78.0
2551	78.0
2552	78.0
2553	78.0
2554	78.0
2555	78.0
2556	78.0
2557	78.0
2558	78.0
2559	78.0
2560	78.0
2561	78.0
2562	78.0
2563	78.0
2564	78.0
2565	78.0
2566	78.0
2567	78.0
2568	78.0
2569	78.0
2570	78.0
2571	78.0
2572	78.0
2573	78.0
2574	78.0
2575	78.0
2576	78.0
2577	78.0
2578	78.0
2579	78.0
2580	78.0
2581	78.0
2582	78.0
2583	78.0
2584	78.0
2585	78.0
2586	78.0
2587	78.0
2588	79.0
2589	79.0
2590	80.0
2591	80.0
2592	80.0
2593	80.0
2594	80.0
2595	80.0
2596	80.0
2597	80.0
2598	80.0
2599	80.0
2600	80.0
2601	80.0
2602	80.0
2603	80.0
2604	80.0
2605	80.0
2606	80.0
2607	80.0
2608	80.0
2609	80.0
2610	80.0
2611	80.0
2612	80.0
2613	80.0
2614	80.0
2615	80.0
2616	80.0
2617	80.0
2618	80.0
2619	80.0
2620	80.0
2621	80.0
2622	80.0
2623	80.0
2624	80.0
2625	80.0
2626	80.0
2627	80.0
2628	80.0
2629	80.0
2630	80.0
2631	80.0
2632	80.0
2633	80.0
2634	80.0
2635	80.0
2636	81.0
2637	81.0
2638	81.0
2639	81.0
2640	81.0
2641	81.0
2642	81.0
2643	81.0
2644	81.0
2645	81.0
2646	81.0
2647	81.0
2648	81.0
2649	81.0
2650	81.0
2651	81.0
2652	81.0
2653	81.0
2654	81.0
2655	81.0
2656	81.0
2657	81.0
2658	81.0
2659	81.0
2660	81.0
2661	81.0
2662	81.0
2663	81.0
2664	81.0
2665	81.0
2666	81.0
2667	81.0
2668	81.0
2669	81.0
2670	81.0
2671	81.0
2672	81.0
2673	81.0
2674	81.0
2675	81.0
2676	81.0
2677	81.0
2678	82.0
2679	82.0
2680	82.0
2681	82.0
2682	82.0
2683	82.0
2684	82.0
2685	82.0
2686	82.0
2687	82.0
2688	82.0
2689	82.0
2690	82.0
2691	82.0
2692	82.0
2693	82.0
2694	82.0
2695	82.0
2696	82.0
2697	82.0
2698	82.0
2699	82.0
2700	82.0
2701	82.0
2702	82.0
2703	82.0
2704	82.0
2705	82.0
2706	82.0
2707	82.0
2708	82.0
2709	82.0
2710	82.0
2711	82.0
2712	82.0
2713	82.0
2714	82.0
2715	82.0
2716	82.0
2717	82.0
2718	83.0
2719	83.0
2720	83.0
2721	83.0
2722	83.0
2723	83.0
2724	83.0
2725	83.0
2726	83.0
2727	83.0
2728	83.0
2729	84.0
2730	84.0
2731	84.0
2732	84.0
2733	84.0
2734	84.0
2735	84.0
2736	84.0
2737	84.0
2738	84.0
2739	84.0
2740	84.0
2741	84.0
2742	84.0
2743	84.0
2744	84.0
2745	84.0
2746	84.0
2747	84.0
2748	84.0
2749	84.0
2750	84.0
2751	84.0
2752	84.0
2753	84.0
2754	84.0
2755	84.0
2756	84.0
2757	84.0
2758	84.0
2759	84.0
2760	84.0
2761	84.0
2762	84.0
2763	84.0
2764	84.0
2765	84.0
2766	84.0
2767	84.0
2768	84.0
2769	84.0
2770	84.0
2771	84.0
2772	84.0
2773	85.0
2774	85.0
2775	85.0
2776	85.0
2777	85.0
2778	85.0
2779	85.0
2780	85.0
2781	85.0
2782	85.0
2783	85.0
2784	85.0
2785	85.0
2786	85.0
2787	85.0
2788	85.0
2789	85.0
2790	85.0
2791	85.0
2792	85.0
2793	85.0
2794	85.0
2795	85.0
2796	85.0
2797	85.0
2798	85.0
2799	85.0
2800	85.0
2801	85.0
2802	85.0
2803	85.0
2804	85.0
2805	85.0
2806	85.0
2807	85.0
2808	85.0
2809	85.0
2810	85.0
2811	85.0
2812	85.0
2813	85.0
2814	85.0
2815	85.0
2816	85.0
2817	85.0
2818	85.0
2819	85.0
2820	85.0
2821	85.0
2822	85.0
2823	85.0
2824	85.0
2825	85.0
2826	85.0
2827	85.0
2828	85.0
2829	85.0
2830	85.0
2831	85.0
2832	85.0
2833	85.0
2834	85.0
2835	85.0
2836	85.0
2837	85.0
2838	85.0
2839	86.0
2840	87.0
2841	87.0
2842	87.0
2843	88.0
2844	88.0
2845	88.0
2846	89.0
2847	89.0
2848	89.0
2849	89.0
2850	89.0
2851	89.0
2852	89.0
2853	90.0
2854	90.0
2855	90.0
2856	90.0
2857	90.0
2858	90.0
2859	90.0
2860	90.0
2861	90.0
2862	91.0
2863	91.0
2864	91.0
2865	91.0
2866	91.0
2867	91.0
2868	91.0
2869	91.0
2870	91.0
2871	91.0
2872	91.0
2873	91.0
2874	91.0
2875	91.0
2876	91.0
2877	91.0
2878	91.0
2879	91.0
2880	91.0
2881	91.0
2882	91.0
2883	91.0
2884	91.0
2885	92.0
2886	92.0
2887	92.0
2888	92.0
2889	92.0
2890	93.0
2891	93.0
2892	93.0
2893	93.0
2894	93.0
2895	93.0
2896	93.0
2897	93.0
2898	93.0
2899	93.0
2900	93.0
2901	93.0
2902	93.0
2903	93.0
2904	93.0
2905	93.0
2906	93.0
2907	93.0
2908	93.0
2909	93.0
2910	93.0
2911	93.0
2912	93.0
2913	93.0
2914	93.0
2915	93.0
2916	93.0
2917	93.0
2918	93.0
2919	93.0
2920	93.0
2921	93.0
2922	93.0
2923	93.0
2924	93.0
2925	93.0
2926	93.0
2927	93.0
2928	93.0
2929	93.0
2930	93.0
2931	94.0
2932	94.0
2933	94.0
2934	94.0
2935	94.0
2936	94.0
2937	94.0
2938	94.0
2939	94.0
2940	94.0
2941	94.0
2942	94.0
2943	94.0
2944	94.0
2945	94.0
2946	94.0
2947	94.0
2948	94.0
2949	94.0
2950	94.0
2951	95.0
2952	95.0
2953	95.0
2954	96.0
2955	96.0
2956	96.0
2957	96.0
2958	96.0
2959	96.0
2960	96.0
2961	96.0
2962	96.0
2963	96.0
2964	96.0
2965	96.0
2966	96.0
2967	97.0
2968	97.0
2969	97.0
2970	97.0
2971	97.0
2972	97.0
2973	97.0
2974	97.0
2975	97.0
2976	97.0
2977	97.0
2978	97.0
2979	97.0
2980	97.0
2981	97.0
2982	97.0
2983	97.0
2984	97.0
2985	97.0
2986	97.0
2987	97.0
2988	97.0
2989	97.0
2990	98.0
2991	98.0
2992	98.0
2993	98.0
2994	98.0
2995	98.0
2996	98.0
2997	98.0
2998	98.0
2999	99.0
3000	99.0
3001	99.0
3002	99.0
3003	99.0
3004	99.0
3005	100.0
3006	100.0
3007	101.0
3008	101.0
3009	101.0
3010	101.0
3011	101.0
3012	101.0
3013	101.0
3014	101.0
3015	101.0
3016	101.0
3017	101.0
3018	101.0
3019	101.0
3020	101.0
3021	101.0
3022	101.0
3023	101.0
3024	101.0
3025	101.0
3026	101.0
3027	101.0
3028	102.0
3029	102.0
3030	102.0
3031	102.0
3032	102.0
3033	102.0
3034	102.0
3035	102.0
3036	102.0
3037	102.0
3038	102.0
3039	102.0
3040	102.0
3041	102.0
3042	102.0
3043	102.0
3044	102.0
3045	102.0
3046	102.0
3047	102.0
3048	102.0
3049	102.0
3050	102.0
3051	102.0
3052	102.0
3053	102.0
3054	102.0
3055	102.0
3056	102.0
3057	102.0
3058	102.0
3059	102.0
3060	102.0
3061	102.0
3062	102.0
3063	102.0
3064	102.0
3065	102.0
3066	102.0
3067	102.0
3068	102.0
3069	102.0
3070	102.0
3071	102.0
3072	102.0
3073	102.0
3074	102.0
3075	102.0
3076	102.0
3077	102.0
3078	102.0
3079	102.0
3080	102.0
3081	102.0
3082	102.0
3083	102.0
3084	102.0
3085	102.0
3086	102.0
3087	102.0
3088	102.0
3089	102.0
3090	102.0
3091	102.0
3092	102.0
3093	102.0
3094	102.0
3095	102.0
3096	102.0
3097	102.0
3098	102.0
3099	102.0
3100	102.0
3101	102.0
3102	102.0
3103	102.0
3104	103.0
3105	103.0
3106	104.0
3107	104.0
3108	104.0
3109	104.0
3110	104.0
3111	104.0
3112	104.0
3113	104.0
3114	104.0
3115	104.0
3116	104.0
3117	104.0
3118	104.0
3119	104.0
3120	104.0
3121	104.0
3122	104.0
3123	104.0
3124	104.0
3125	104.0
3126	104.0
3127	104.0
3128	104.0
3129	104.0
3130	104.0
3131	104.0
3132	104.0
3133	104.0
3134	104.0
3135	104.0
3136	104.0
3137	104.0
3138	104.0
3139	104.0
3140	104.0
3141	104.0
3142	104.0
3143	104.0
3144	104.0
3145	104.0
3146	104.0
3147	104.0
3148	105.0
3149	105.0
3150	105.0
3151	105.0
3152	105.0
3153	106.0
3154	106.0
3155	106.0
3156	106.0
3157	106.0
3158	106.0
3159	106.0
3160	106.0
3161	106.0
3162	106.0
3163	106.0
3164	106.0
3165	106.0
3166	106.0
3167	106.0
3168	106.0
3169	107.0
3170	107.0
3171	107.0
3172	107.0
3173	107.0
3174	107.0
3175	107.0
3176	108.0
3177	108.0
3178	108.0
3179	108.0
3180	108.0
3181	108.0
3182	108.0
3183	108.0
3184	108.0
3185	108.0
3186	108.0
3187	108.0
3188	108.0
3189	108.0
3190	108.0
3191	108.0
3192	108.0
3193	108.0
3194	108.0
3195	108.0
3196	108.0
3197	108.0
3198	108.0
3199	108.0
3200	108.0
3201	108.0
3202	108.0
3203	108.0
3204	108.0
3205	108.0
3206	108.0
3207	108.0
3208	108.0
3209	108.0
3210	108.0
3211	108.0
3212	108.0
3213	108.0
3214	108.0
3215	108.0
3216	108.0
3217	108.0
3218	108.0
3219	108.0
3220	108.0
3221	108.0
3222	108.0
3223	108.0
3224	108.0
3225	108.0
3226	108.0
3227	108.0
3228	108.0
3229	108.0
3230	108.0
3231	108.0
3232	109.0
3233	109.0
3234	109.0
3235	109.0
3236	109.0
3237	109.0
3238	109.0
3239	109.0
3240	109.0
3241	109.0
3242	109.0
3243	109.0
3244	109.0
3245	109.0
3246	109.0
3247	109.0
3248	109.0
3249	109.0
3250	109.0
3251	109.0
3252	109.0
3253	109.0
3254	109.0
3255	109.0
3256	109.0
3257	109.0
3258	109.0
3259	109.0
3260	109.0
3261	109.0
3262	109.0
3263	109.0
3264	109.0
3265	110.0
3266	110.0
3267	110.0
3268	110.0
3269	110.0
3270	111.0
3271	111.0
3272	111.0
3273	111.0
3274	111.0
3275	111.0
3276	111.0
3277	111.0
3278	111.0
3279	111.0
3280	111.0
3281	111.0
3282	111.0
3283	111.0
3284	111.0
3285	112.0
3286	112.0
3287	112.0
3288	112.0
3289	112.0
3290	112.0
3291	112.0
3292	112.0
3293	112.0
3294	112.0
3295	112.0
3296	112.0
3297	112.0
3298	113.0
3299	113.0
3300	113.0
3301	113.0
3302	113.0
3303	113.0
3304	113.0
3305	113.0
3306	113.0
3307	113.0
3308	113.0
3309	113.0
3310	113.0
3311	113.0
3312	113.0
3313	113.0
3314	113.0
3315	113.0
3316	113.0
3317	113.0
3318	113.0
3319	113.0
3320	113.0
3321	113.0
3322	113.0
3323	113.0
3324	113.0
3325	113.0
3326	113.0
3327	113.0
3328	113.0
3329	113.0
3330	113.0
3331	113.0
3332	113.0
3333	113.0
3334	113.0
3335	113.0
3336	113.0
3337	113.0
3338	113.0
3339	113.0
3340	113.0
3341	113.0
3342	113.0
3343	113.0
3344	113.0
3345	113.0
3346	113.0
3347	113.0
3348	113.0
3349	113.0
3350	113.0
3351	113.0
3352	113.0
3353	113.0
3354	113.0
3355	113.0
3356	113.0
3357	113.0
3358	113.0
3359	113.0
3360	113.0
3361	113.0
3362	113.0
3363	113.0
3364	113.0
3365	113.0
3366	113.0
3367	113.0
3368	113.0
3369	113.0
3370	113.0
3371	113.0
3372	113.0
3373	113.0
3374	113.0
3375	113.0
3376	113.0
3377	113.0
3378	113.0
3379	113.0
3380	113.0
3381	113.0
3382	113.0
3383	113.0
3384	113.0
3385	113.0
3386	113.0
3387	113.0
3388	113.0
3389	113.0
3390	113.0
3391	113.0
3392	113.0
3393	113.0
3394	113.0
3395	113.0
3396	113.0
3397	113.0
3398	113.0
3399	113.0
3400	113.0
3401	113.0
3402	113.0
3403	113.0
3404	113.0
3405	113.0
3406	113.0
3407	113.0
3408	113.0
3409	113.0
3410	113.0
3411	113.0
3412	113.0
3413	113.0
3414	113.0
3415	113.0
3416	113.0
3417	113.0
3418	113.0
3419	113.0
3420	113.0
3421	113.0
3422	113.0
3423	113.0
3424	113.0
3425	113.0
3426	113.0
3427	113.0
3428	113.0
3429	113.0
3430	113.0
3431	113.0
3432	113.0
3433	113.0
3434	113.0
3435	113.0
3436	113.0
3437	113.0
3438	113.0
3439	113.0
3440	113.0
3441	113.0
3442	113.0
3443	113.0
3444	113.0
3445	113.0
3446	113.0
3447	113.0
3448	113.0
3449	113.0
3450	113.0
3451	113.0
3452	113.0
3453	114.0
3454	114.0
3455	114.0
3456	114.0
3457	114.0
3458	114.0
3459	114.0
3460	114.0
3461	114.0
3462	114.0
3463	114.0
3464	114.0
3465	114.0
3466	114.0
3467	114.0
3468	114.0
3469	114.0
3470	114.0
3471	114.0
3472	114.0
3473	114.0
3474	114.0
3475	114.0
3476	114.0
3477	114.0
3478	114.0
3479	114.0
3480	114.0
3481	114.0
3482	114.0
3483	114.0
3484	115.0
3485	115.0
3486	115.0
3487	115.0
3488	115.0
3489	115.0
3490	115.0
3491	115.0
3492	115.0
3493	115.0
3494	115.0
3495	115.0
3496	115.0
3497	115.0
3498	115.0
3499	115.0
3500	115.0
3501	115.0
3502	115.0
3503	115.0
3504	115.0
3505	115.0
3506	115.0
3507	115.0
3508	115.0
3509	115.0
3510	115.0
3511	115.0
3512	115.0
3513	115.0
3514	115.0
3515	116.0
3516	116.0
3517	116.0
3518	116.0
3519	116.0
3520	116.0
3521	116.0
3522	116.0
3523	116.0
3524	117.0
3525	117.0
3526	117.0
3527	117.0
3528	117.0
3529	117.0
3530	117.0
3531	117.0
3532	117.0
3533	117.0
3534	117.0
3535	117.0
3536	117.0
3537	117.0
3538	117.0
3539	117.0
3540	117.0
3541	117.0
3542	117.0
3543	117.0
3544	117.0
3545	117.0
3546	117.0
3547	117.0
3548	117.0
3549	117.0
3550	117.0
3551	117.0
3552	117.0
3553	117.0
3554	117.0
3555	117.0
3556	117.0
3557	117.0
3558	117.0
3559	117.0
3560	117.0
3561	117.0
3562	117.0
3563	117.0
3564	117.0
3565	117.0
3566	117.0
3567	117.0
3568	117.0
3569	117.0
3570	117.0
3571	117.0
3572	117.0
3573	117.0
3574	117.0
3575	117.0
3576	117.0
3577	117.0
3578	117.0
3579	118.0
3580	118.0
3581	118.0
3582	118.0
3583	118.0
3584	118.0
3585	118.0
3586	118.0
3587	118.0
3588	118.0
3589	118.0
3590	118.0
3591	118.0
3592	118.0
3593	118.0
3594	118.0
3595	118.0
3596	118.0
3597	118.0
3598	118.0
3599	118.0
3600	118.0
3601	118.0
3602	118.0
3603	118.0
3604	118.0
3605	118.0
3606	118.0
3607	118.0
3608	119.0
3609	119.0
3610	119.0
3611	120.0
3612	120.0
3613	120.0
3614	120.0
3615	120.0
3616	120.0
3617	120.0
3618	120.0
3619	120.0
3620	120.0
3621	121.0
3622	121.0
3623	121.0
3624	121.0
3625	121.0
3626	121.0
3627	121.0
3628	121.0
3629	121.0
3630	121.0
3631	122.0
3632	122.0
3633	122.0
3634	122.0
3635	122.0
3636	122.0
3637	122.0
3638	122.0
3639	123.0
3640	123.0
3641	123.0
3642	123.0
3643	123.0
3644	123.0
3645	123.0
3646	123.0
3647	123.0
3648	123.0
3649	123.0
3650	123.0
3651	123.0
3652	123.0
3653	123.0
3654	123.0
3655	123.0
3656	123.0
3657	123.0
3658	123.0
3659	123.0
3660	125.0
3661	125.0
3662	125.0
3663	125.0
3664	125.0
3665	125.0
3666	125.0
3667	125.0
3668	125.0
3669	125.0
3670	125.0
3671	125.0
3672	125.0
3673	125.0
3674	125.0
3675	125.0
3676	125.0
3677	125.0
3678	125.0
3679	125.0
3680	125.0
3681	125.0
3682	125.0
3683	125.0
3684	126.0
3685	126.0
3686	126.0
3687	126.0
3688	126.0
3689	126.0
3690	126.0
3691	126.0
3692	126.0
3693	126.0
3694	126.0
3695	126.0
3696	126.0
3697	126.0
3698	126.0
3699	126.0
3700	126.0
3701	126.0
3702	126.0
3703	126.0
3704	126.0
3705	126.0
3706	126.0
3707	126.0
3708	126.0
3709	126.0
3710	126.0
3711	126.0
3712	126.0
3713	126.0
3714	126.0
3715	126.0
3716	126.0
3717	126.0
3718	126.0
3719	126.0
3720	126.0
3721	126.0
3722	126.0
3723	126.0
3724	126.0
3725	126.0
3726	126.0
3727	126.0
3728	126.0
3729	126.0
3730	126.0
3731	126.0
3732	126.0
3733	126.0
3734	126.0
3735	126.0
3736	126.0
3737	126.0
3738	126.0
3739	126.0
3740	126.0
3741	126.0
3742	126.0
3743	126.0
3744	126.0
3745	126.0
3746	126.0
3747	126.0
3748	126.0
3749	126.0
3750	126.0
3751	126.0
3752	126.0
3753	126.0
3754	126.0
3755	126.0
3756	126.0
3757	126.0
3758	126.0
3759	126.0
3760	126.0
3761	126.0
3762	126.0
3763	126.0
3764	126.0
3765	126.0
3766	126.0
3767	126.0
3768	126.0
3769	126.0
3770	126.0
3771	126.0
3772	126.0
3773	126.0
3774	126.0
3775	126.0
3776	126.0
3777	126.0
3778	126.0
3779	126.0
3780	126.0
3781	126.0
3782	126.0
3783	126.0
3784	126.0
3785	126.0
3786	126.0
3787	126.0
3788	126.0
3789	126.0
3790	126.0
3791	126.0
3792	126.0
3793	126.0
3794	126.0
3795	126.0
3796	126.0
3797	127.0
3798	127.0
3799	127.0
3800	127.0
3801	127.0
3802	127.0
3803	127.0
3804	127.0
3805	127.0
3806	127.0
3807	127.0
3808	127.0
3809	127.0
3810	127.0
3811	127.0
3812	127.0
3813	127.0
3814	127.0
3815	127.0
3816	127.0
3817	127.0
3818	127.0
3819	127.0
3820	127.0
3821	127.0
3822	127.0
3823	127.0
3824	127.0
3825	127.0
3826	127.0
3827	127.0
3828	127.0
3829	127.0
3830	127.0
3831	127.0
3832	127.0
3833	127.0
3834	127.0
3835	127.0
3836	127.0
3837	127.0
3838	127.0
3839	127.0
3840	127.0
3841	127.0
3842	127.0
3843	127.0
3844	127.0
3845	127.0
3846	127.0
3847	127.0
3848	127.0
3849	127.0
3850	128.0
3851	128.0
3852	128.0
3853	128.0
3854	128.0
3855	128.0
3856	128.0
3857	128.0
3858	128.0
3859	128.0
3860	128.0
3861	128.0
3862	128.0
3863	128.0
3864	128.0
3865	128.0
3866	128.0
3867	128.0
3868	128.0
3869	128.0
3870	128.0
3871	128.0
3872	128.0
3873	128.0
3874	128.0
3875	128.0
3876	128.0
3877	128.0
3878	128.0
3879	128.0
3880	128.0
3881	128.0
3882	128.0
3883	128.0
3884	128.0
3885	128.0
3886	128.0
3887	128.0
3888	128.0
3889	128.0
3890	128.0
3891	128.0
3892	128.0
3893	128.0
3894	128.0
3895	128.0
3896	128.0
3897	128.0
3898	128.0
3899	128.0
3900	128.0
3901	128.0
3902	128.0
3903	128.0
3904	128.0
3905	128.0
3906	128.0
3907	128.0
3908	128.0
3909	128.0
3910	128.0
3911	128.0
3912	128.0
3913	128.0
3914	128.0
3915	128.0
3916	128.0
3917	128.0
3918	128.0
3919	128.0
3920	128.0
3921	128.0
3922	128.0
3923	128.0
3924	128.0
3925	128.0
3926	128.0
3927	128.0
3928	128.0
3929	130.0
3930	130.0
3931	130.0
3932	130.0
3933	130.0
3934	130.0
3935	130.0
3936	130.0
3937	130.0
3938	130.0
3939	130.0
3940	130.0
3941	130.0
3942	130.0
3943	130.0
3944	130.0
3945	130.0
3946	130.0
3947	130.0
3948	130.0
3949	130.0
3950	130.0
3951	130.0
3952	131.0
3953	131.0
3954	131.0
3955	131.0
3956	131.0
3957	131.0
3958	131.0
3959	131.0
3960	131.0
3961	131.0
3962	131.0
3963	131.0
3964	131.0
3965	131.0
3966	131.0
3967	131.0
3968	131.0
3969	131.0
3970	132.0
3971	132.0
3972	132.0
3973	132.0
3974	132.0
3975	132.0
3976	133.0
3977	133.0
3978	133.0
3979	133.0
3980	133.0
3981	133.0
3982	133.0
3983	133.0
3984	133.0
3985	133.0
3986	133.0
3987	133.0
3988	135.0
3989	135.0
3990	135.0
3991	135.0
3992	135.0
3993	135.0
3994	135.0
3995	137.0
3996	137.0
3997	137.0
3998	137.0
3999	137.0
4000	137.0
4001	137.0
4002	137.0
4003	137.0
4004	137.0
4005	137.0
4006	137.0
4007	137.0
4008	137.0
4009	137.0
4010	137.0
4011	137.0
4012	137.0
4013	137.0
4014	137.0
4015	137.0
4016	137.0
4017	137.0
4018	137.0
4019	137.0
4020	137.0
4021	137.0
4022	137.0
4023	137.0
4024	137.0
4025	137.0
4026	137.0
4027	137.0
4028	137.0
4029	137.0
4030	137.0
4031	137.0
4032	137.0
4033	137.0
4034	137.0
4035	137.0
4036	137.0
4037	137.0
4038	137.0
4039	137.0
4040	137.0
4041	137.0
4042	137.0
4043	137.0
4044	137.0
4045	137.0
4046	137.0
4047	137.0
4048	137.0
4049	137.0
4050	137.0
4051	137.0
4052	137.0
4053	137.0
4054	137.0
4055	138.0
4056	138.0
4057	138.0
4058	138.0
4059	138.0
4060	138.0
4061	138.0
4062	138.0
4063	138.0
4064	138.0
4065	138.0
4066	138.0
4067	138.0
4068	138.0
4069	138.0
4070	138.0
4071	138.0
4072	138.0
4073	139.0
4074	139.0
4075	139.0
4076	139.0
4077	139.0
4078	139.0
4079	139.0
4080	139.0
4081	139.0
4082	139.0
4083	139.0
4084	139.0
4085	139.0
4086	139.0
4087	139.0
4088	139.0
4089	139.0
4090	139.0
4091	139.0
4092	139.0
4093	139.0
4094	139.0
4095	139.0
4096	139.0
4097	139.0
4098	139.0
4099	139.0
4100	139.0
4101	139.0
4102	139.0
4103	139.0
4104	139.0
4105	139.0
4106	139.0
4107	139.0
4108	139.0
4109	139.0
4110	139.0
4111	139.0
4112	139.0
4113	139.0
4114	139.0
4115	139.0
4116	139.0
4117	139.0
4118	139.0
4119	139.0
4120	139.0
4121	139.0
4122	139.0
4123	139.0
4124	139.0
4125	139.0
4126	140.0
4127	140.0
4128	140.0
4129	140.0
4130	140.0
4131	140.0
4132	140.0
4133	140.0
4134	140.0
4135	140.0
4136	140.0
4137	140.0
4138	140.0
4139	140.0
4140	140.0
4141	140.0
4142	140.0
4143	140.0
4144	140.0
4145	140.0
4146	140.0
4147	140.0
4148	140.0
4149	140.0
4150	140.0
4151	140.0
4152	140.0
4153	140.0
4154	140.0
4155	140.0
4156	140.0
4157	140.0
4158	140.0
4159	140.0
4160	140.0
4161	140.0
4162	140.0
4163	140.0
4164	140.0
4165	140.0
4166	140.0
4167	140.0
4168	140.0
4169	141.0
4170	141.0
4171	141.0
4172	141.0
4173	141.0
4174	141.0
4175	141.0
4176	141.0
4177	141.0
4178	141.0
4179	141.0
4180	141.0
4181	141.0
4182	141.0
4183	141.0
4184	141.0
4185	141.0
4186	141.0
4187	141.0
4188	141.0
4189	141.0
4190	141.0
4191	141.0
4192	141.0
4193	141.0
4194	141.0
4195	142.0
4196	142.0
4197	142.0
4198	142.0
4199	142.0
4200	142.0
4201	142.0
4202	142.0
4203	142.0
4204	142.0
4205	142.0
4206	142.0
4207	142.0
4208	142.0
4209	142.0
4210	142.0
4211	143.0
4212	144.0
4213	144.0
4214	144.0
4215	144.0
4216	144.0
4217	144.0
4218	144.0
4219	144.0
4220	144.0
4221	144.0
4222	144.0
4223	144.0
4224	144.0
4225	145.0
4226	145.0
4227	145.0
4228	145.0
4229	145.0
4230	145.0
4231	145.0
4232	145.0
4233	145.0
4234	145.0
4235	145.0
4236	145.0
4237	145.0
4238	145.0
4239	145.0
4240	145.0
4241	145.0
4242	145.0
4243	145.0
4244	145.0
4245	145.0
4246	145.0
4247	145.0
4248	145.0
4249	145.0
4250	145.0
4251	145.0
4252	145.0
4253	145.0
4254	145.0
4255	145.0
4256	146.0
4257	146.0
4258	146.0
4259	146.0
4260	146.0
4261	146.0
4262	146.0
4263	146.0
4264	146.0
4265	146.0
4266	146.0
4267	146.0
4268	146.0
4269	146.0
4270	146.0
4271	146.0
4272	146.0
4273	146.0
4274	146.0
4275	146.0
4276	146.0
4277	147.0
4278	147.0
4279	147.0
4280	147.0
4281	147.0
4282	147.0
4283	147.0
4284	147.0
4285	147.0
4286	147.0
4287	147.0
4288	147.0
4289	147.0
4290	147.0
4291	147.0
4292	147.0
4293	147.0
4294	147.0
4295	147.0
4296	147.0
4297	147.0
4298	147.0
4299	147.0
4300	147.0
4301	147.0
4302	147.0
4303	147.0
4304	147.0
4305	147.0
4306	147.0
4307	147.0
4308	147.0
4309	147.0
4310	147.0
4311	147.0
4312	147.0
4313	147.0
4314	147.0
4315	147.0
4316	147.0
4317	147.0
4318	147.0
4319	147.0
4320	147.0
4321	147.0
4322	147.0
4323	147.0
4324	147.0
4325	147.0
4326	147.0
4327	147.0
4328	147.0
4329	147.0
4330	147.0
4331	147.0
4332	147.0
4333	147.0
4334	147.0
4335	147.0
4336	147.0
4337	147.0
4338	147.0
4339	147.0
4340	147.0
4341	147.0
4342	147.0
4343	147.0
4344	147.0
4345	147.0
4346	147.0
4347	147.0
4348	147.0
4349	147.0
4350	147.0
4351	147.0
4352	147.0
4353	147.0
4354	147.0
4355	147.0
4356	147.0
4357	147.0
4358	147.0
4359	147.0
4360	147.0
4361	147.0
4362	147.0
4363	147.0
4364	147.0
4365	147.0
4366	148.0
4367	148.0
4368	148.0
4369	148.0
4370	148.0
4371	148.0
4372	148.0
4373	148.0
4374	148.0
4375	148.0
4376	148.0
4377	148.0
4378	148.0
4379	148.0
4380	148.0
4381	148.0
4382	148.0
4383	148.0
4384	148.0
4385	148.0
4386	148.0
4387	148.0
4388	148.0
4389	148.0
4390	148.0
4391	148.0
4392	148.0
4393	148.0
4394	148.0
4395	148.0
4396	148.0
4397	148.0
4398	148.0
4399	148.0
4400	148.0
4401	148.0
4402	148.0
4403	148.0
4404	148.0
4405	148.0
4406	148.0
4407	148.0
4408	148.0
4409	148.0
4410	148.0
4411	148.0
4412	148.0
4413	148.0
4414	148.0
4415	148.0
4416	148.0
4417	148.0
4418	148.0
4419	148.0
4420	148.0
4421	148.0
4422	148.0
4423	148.0
4424	148.0
4425	148.0
4426	148.0
4427	148.0
4428	148.0
4429	148.0
4430	148.0
4431	148.0
4432	148.0
4433	148.0
4434	148.0
4435	148.0
4436	148.0
4437	148.0
4438	148.0
4439	148.0
4440	148.0
4441	148.0
4442	148.0
4443	148.0
4444	148.0
4445	148.0
4446	148.0
4447	148.0
4448	148.0
4449	148.0
4450	149.0
4451	149.0
4452	149.0
4453	149.0
4454	149.0
4455	149.0
4456	149.0
4457	149.0
4458	149.0
4459	149.0
4460	149.0
4461	149.0
4462	149.0
4463	149.0
4464	149.0
4465	149.0
4466	149.0
4467	149.0
4468	149.0
4469	149.0
4470	149.0
4471	149.0
4472	149.0
4473	149.0
4474	149.0
4475	149.0
4476	149.0
4477	149.0
4478	149.0
4479	149.0
4480	149.0
4481	149.0
4482	149.0
4483	149.0
4484	149.0
4485	149.0
4486	149.0
4487	149.0
4488	149.0
4489	149.0
4490	149.0
4491	149.0
4492	149.0
4493	150.0
4494	150.0
4495	150.0
4496	150.0
4497	150.0
4498	150.0
4499	150.0
